freq	dB(S(2,1))
1.00000000000000000E6	-3.65166220263793884E2
1.10000000000000009E7	-2.61025469762561135E2
2.10000000000000009E7	-2.32938856565728880E2
3.10000000000000009E7	-2.16018193403741154E2
4.09999999999999964E7	-2.03867081616837886E2
5.09999999999999964E7	-1.94377080224796583E2
6.09999999999999964E7	-1.86587268737023249E2
7.09999999999999964E7	-1.79978092962545233E2
8.09999999999999964E7	-1.74236619590535513E2
9.09999999999999964E7	-1.69159690310005972E2
1.01000000000000001E8	-1.64607910534360480E2
1.10999999999999988E8	-1.60481474110230482E2
1.20999999999999996E8	-1.56706459646922869E2
1.31000000000000005E8	-1.53226586828742595E2
1.40999999999999992E8	-1.49998013784337481E2
1.51000000000000001E8	-1.46985921326325442E2
1.61000000000000010E8	-1.44162194710773628E2
1.71000000000000019E8	-1.41503805174748254E2
1.81000000000000005E8	-1.38991652139151300E2
1.91000000000000014E8	-1.36609717171256717E2
2.01000000000000023E8	-1.34344434096540266E2
2.11000000000000032E8	-1.32184212200948048E2
2.20999999999999996E8	-1.30119069935886245E2
2.31000000000000005E8	-1.28140349749756655E2
2.41000000000000014E8	-1.26240493395534759E2
2.51000000000000023E8	-1.24412862947675995E2
2.61000000000000032E8	-1.22651596804212804E2
2.70999999999999996E8	-1.20951492775133795E2
2.81000000000000005E8	-1.19307912363502533E2
2.91000000000000014E8	-1.17716701789594724E2
3.01000000000000023E8	-1.16174126361540830E2
3.11000000000000032E8	-1.14676815573564905E2
3.20999999999999996E8	-1.13221716893480240E2
3.31000000000000005E8	-1.11806056639087492E2
3.41000000000000014E8	-1.10427306676741210E2
3.51000000000000023E8	-1.09083155931780817E2
3.61000000000000032E8	-1.07771485899286312E2
3.70999999999999996E8	-1.06490349498910386E2
3.81000000000000005E8	-1.05237952739769147E2
3.91000000000000014E8	-1.04012638758256193E2
4.00999999999999979E8	-1.02812873868944643E2
4.11000000000000032E8	-1.01637235330801312E2
4.20999999999999996E8	-1.00484400581056232E2
4.31000000000000050E8	-9.93531377297729357E1
4.41000000000000014E8	-9.82422971413941326E1
4.50999999999999979E8	-9.71508039568045945E1
4.61000000000000032E8	-9.60776514319321784E1
4.70999999999999996E8	-9.50218949875270624E1
4.81000000000000050E8	-9.39826468802466231E1
4.91000000000000014E8	-9.29590714181095024E1
5.00999999999999979E8	-9.19503806542314273E1
5.11000000000000032E8	-9.09558305018860125E1
5.20999999999999996E8	-8.99747172216490476E1
5.31000000000000050E8	-8.90063742379239820E1
5.41000000000000014E8	-8.80501692477090714E1
5.50999999999999979E8	-8.71055015892117801E1
5.61000000000000032E8	-8.61717998419780962E1
5.70999999999999996E8	-8.52485196336900586E1
5.81000000000000050E8	-8.43351416317849711E1
5.91000000000000014E8	-8.34311697006383923E1
6.00999999999999979E8	-8.25361292072930297E1
6.11000000000000032E8	-8.16495654606569765E1
6.20999999999999996E8	-8.07710422707832087E1
6.31000000000000050E8	-7.99001406163113170E1
6.40999999999999925E8	-7.90364574094356875E1
6.50999999999999979E8	-7.81796043488851655E1
6.60999999999999943E8	-7.73292068523813292E1
6.70999999999999908E8	-7.64849030609027825E1
6.80999999999999961E8	-7.56463429078393990E1
6.90999999999999925E8	-7.48131872467837233E1
7.00999999999999979E8	-7.39851070322918236E1
7.10999999999999943E8	-7.31617825484581452E1
7.20999999999999908E8	-7.23429026806024478E1
7.30999999999999961E8	-7.15281642257623673E1
7.40999999999999925E8	-7.07172712380350710E1
7.50999999999999979E8	-6.99099344051156368E1
7.60999999999999943E8	-6.91058704526475687E1
7.70999999999999908E8	-6.83048015732311864E1
7.80999999999999961E8	-6.75064548771367434E1
7.90999999999999925E8	-6.67105618619393947E1
8.00999999999999979E8	-6.59168578984377707E1
8.10999999999999943E8	-6.51250817303377261E1
8.20999999999999908E8	-6.43349749852783503E1
8.30999999999999872E8	-6.35462816948526132E1
8.41000000000000014E8	-6.27587478213265904E1
8.50999999999999979E8	-6.19721207887938608E1
8.60999999999999943E8	-6.11861490165130384E1
8.70999999999999908E8	-6.04005814521664686E1
8.80999999999999872E8	-5.96151671027483587E1
8.91000000000000014E8	-5.88296545607374988E1
9.00999999999999979E8	-5.80437915231354840E1
9.10999999999999943E8	-5.72573243008511579E1
9.20999999999999908E8	-5.64699973157867952E1
9.30999999999999872E8	-5.56815525828283953E1
9.41000000000000014E8	-5.48917291737569624E1
9.50999999999999979E8	-5.41002626598799363E1
9.60999999999999943E8	-5.33068845299251137E1
9.70999999999999908E8	-5.25113215794403398E1
9.80999999999999872E8	-5.17132952675970969E1
9.91000000000000014E8	-5.09125210368952352E1
1.00099999999999989E9	-5.01087075908074731E1
1.01099999999999990E9	-4.93015561238729028E1
1.02099999999999991E9	-4.84907594981435874E1
1.03099999999999992E9	-4.76760013591946130E1
1.04099999999999993E9	-4.68569551841143106E1
1.05099999999999993E9	-4.60332832529859104E1
1.06099999999999994E9	-4.52046355343381112E1
1.07099999999999995E9	-4.43706484738672025E1
1.08099999999999996E9	-4.35309436743973155E1
1.09099999999999997E9	-4.26851264535359398E1
1.10099999999999998E9	-4.18327842637808267E1
1.11099999999999999E9	-4.09734849579313032E1
1.12100000000000000E9	-4.01067748805474888E1
1.13099999999999978E9	-3.92321767638914221E1
1.14100000000000001E9	-3.83491874043045922E1
1.15100000000000002E9	-3.74572750923880582E1
1.16100000000000003E9	-3.65558767677738183E1
1.17099999999999982E9	-3.56443948669139132E1
1.18099999999999983E9	-3.47221938305083233E1
1.19100000000000006E9	-3.37885962365027215E1
1.20100000000000007E9	-3.28428785259017886E1
1.21099999999999985E9	-3.18842662933772125E1
1.22099999999999986E9	-3.09119291250332529E1
1.23099999999999987E9	-2.99249749852370162E1
1.24100000000000010E9	-2.89224441886589156E1
1.25099999999999989E9	-2.79033030513260760E1
1.26099999999999990E9	-2.68664374093805369E1
1.27099999999999991E9	-2.58106463483001525E1
1.28099999999999992E9	-2.47346367336181494E1
1.29099999999999993E9	-2.36370195328678134E1
1.30099999999999993E9	-2.25163095581368689E1
1.31099999999999994E9	-2.13709312856962486E1
1.32099999999999995E9	-2.01992350609023630E1
1.33099999999999996E9	-1.89995306565716859E1
1.34099999999999997E9	-1.77701494367150969E1
1.35099999999999998E9	-1.65095532538977752E1
1.36099999999999999E9	-1.52165191444037617E1
1.37100000000000000E9	-1.38904459225506161E1
1.38099999999999978E9	-1.25318542175100034E1
1.39100000000000001E9	-1.11431862479583499E1
1.40100000000000002E9	-9.73004971628547644E0
1.41100000000000003E9	-8.30306410346230983E0
1.42099999999999982E9	-6.88037659448888750E0
1.43099999999999983E9	-5.49053981401817559E0
1.44100000000000006E9	-4.17452494212709357E0
1.45100000000000007E9	-2.98418974109850410E0
1.46099999999999985E9	-1.97378663345045413E0
1.47099999999999986E9	-1.18407652240910077E0
1.48099999999999987E9	-6.26223296686382902E-1
1.49100000000000010E9	-2.77172527782955314E-1
1.50099999999999989E9	-9.04280056743427352E-2
1.51099999999999990E9	-1.34696818674494145E-2
1.52099999999999991E9	-8.59544254666800711E-4
1.53099999999999992E9	-1.94072500184740981E-2
1.54099999999999993E9	-4.77528403716282579E-2
1.55099999999999993E9	-7.37195511827044747E-2
1.56099999999999994E9	-9.14664081065697587E-2
1.57099999999999995E9	-9.91946705518289917E-2
1.58099999999999996E9	-9.75071550379362861E-2
1.59099999999999997E9	-8.82973199199408931E-2
1.60099999999999976E9	-7.40159246821174399E-2
1.61099999999999999E9	-5.71944441292265360E-2
1.62100000000000000E9	-4.01429592104250865E-2
1.63099999999999978E9	-2.47700793899227456E-2
1.64100000000000001E9	-1.24916620155987523E-2
1.65099999999999980E9	-4.20593034699379054E-3
1.66100000000000003E9	-3.17991085216364233E-4
1.67100000000000004E9	-7.99252184363201579E-4
1.68099999999999983E9	-5.26867512561454987E-3
1.69100000000000006E9	-1.30842502986944331E-2
1.70099999999999985E9	-2.34349972721203725E-2
1.71099999999999985E9	-3.54261356539481431E-2
1.72100000000000009E9	-4.81525733477503159E-2
1.73099999999999987E9	-6.07581924541646501E-2
1.74100000000000010E9	-7.24803303279647348E-2
1.75099999999999989E9	-8.26802335910695163E-2
1.76099999999999990E9	-9.08611058423861095E-2
1.77100000000000013E9	-9.66757573287604544E-2
1.78099999999999992E9	-9.99259171533531898E-2
1.79099999999999993E9	-1.00555108995769071E-1
1.80099999999999971E9	-9.86367249065677498E-2
1.81099999999999994E9	-9.43586366470963611E-2
1.82100000000000017E9	-8.80054111538652251E-2
1.83099999999999996E9	-7.99389737819073964E-2
1.84099999999999997E9	-7.05784002347297434E-2
1.85099999999999976E9	-6.03794134530154825E-2
1.86099999999999999E9	-4.98141052009842511E-2
1.87100000000000000E9	-3.93513790545517139E-2
1.88099999999999978E9	-2.94386053699149297E-2
1.89100000000000001E9	-2.04849731806574509E-2
1.90099999999999980E9	-1.28470044760132995E-2
1.91100000000000003E9	-6.81665228462277462E-3
1.92100000000000004E9	-2.61232970460376634E-3
1.93099999999999983E9	-3.73112383228798805E-4
1.94100000000000006E9	-1.56227391373405111E-4
1.95099999999999985E9	-1.93779698824099422E-3
1.96099999999999985E9	-5.61665937528461434E-3
1.97100000000000009E9	-1.10209539093290765E-2
1.98099999999999987E9	-1.79170476604510776E-2
1.99100000000000010E9	-2.60203026503650570E-2
2.00099999999999989E9	-3.50071431438547265E-2
2.01100000000000012E9	-4.45278797979354835E-2
2.02099999999999991E9	-5.42197778790421214E-2
2.03099999999999969E9	-6.37199126000223259E-2
2.04099999999999993E9	-7.26774266768508515E-2
2.05099999999999971E9	-8.07648839662249074E-2
2.06099999999999994E9	-8.76884899549505015E-2
2.07100000000000017E9	-9.31970181158460598E-2
2.08099999999999996E9	-9.70893360855184895E-2
2.09100000000000019E9	-9.92204648693352809E-2
2.10099999999999998E9	-9.95061275362690267E-2
2.11099999999999977E9	-9.79257526062182926E-2
2.12100000000000000E9	-9.45238944588627916E-2
2.13099999999999978E9	-8.94100226086556127E-2
2.14100000000000001E9	-8.27566184015426920E-2
2.15099999999999980E9	-7.47955069417543861E-2
2.16100000000000003E9	-6.58123494577730472E-2
2.17100000000000026E9	-5.61392323892504308E-2
2.18100000000000005E9	-4.61453192054468442E-2
2.19099999999999984E9	-3.62255831931020289E-2
2.20099999999999962E9	-2.67877161522301011E-2
2.21099999999999985E9	-1.82374084341170306E-2
2.22100000000000009E9	-1.09623160262647334E-2
2.23099999999999987E9	-5.31516267999803116E-3
2.24100000000000010E9	-1.59655804440877036E-3
2.25099999999999989E9	-3.82323742410367906E-5
2.26100000000000012E9	-7.87479601482078628E-4
2.27099999999999991E9	-3.89364987243410976E-3
2.28099999999999969E9	-9.29753086649397353E-3
2.29099999999999993E9	-1.68244021996161841E-2
2.30099999999999971E9	-2.61814458119328197E-2
2.31099999999999994E9	-3.69600638107111079E-2
2.32100000000000017E9	-4.86435185915694923E-2
2.33099999999999996E9	-6.06201988085490839E-2
2.34100000000000019E9	-7.22027616735800137E-2
2.35099999999999998E9	-8.26534380568102733E-2
2.36099999999999977E9	-9.12159373135761520E-2
2.37100000000000000E9	-9.71546703045146387E-2
2.38099999999999978E9	-9.98024262229032466E-2
2.39100000000000001E9	-9.86181788718806907E-2
2.40099999999999980E9	-9.32573210538830466E-2
2.41100000000000003E9	-8.36572455672732573E-2
2.42100000000000026E9	-7.01416412936855416E-2
2.43100000000000005E9	-5.35468504839000481E-2
2.44099999999999984E9	-3.53726210520258100E-2
2.45099999999999962E9	-1.79567614218704685E-2
2.46099999999999985E9	-4.66737942175204257E-3
2.47100000000000009E9	-9.61199000608521992E-5
2.48099999999999987E9	-1.02199306424055081E-2
2.49100000000000010E9	-4.24777676959142259E-2
2.50099999999999989E9	-1.05686583251212363E-1
2.51100000000000012E9	-2.09708916627077402E-1
2.52099999999999991E9	-3.64800854219699877E-1
2.53099999999999969E9	-5.80633516497940860E-1
2.54099999999999993E9	-8.65096802923890174E-1
2.55099999999999971E9	-1.22312642497086199E0
2.56100000000000039E9	-1.65587045806720123E0
2.57100000000000017E9	-2.16045807037599502E0
2.58100000000000041E9	-2.73044770363435285E0
2.59100000000000019E9	-3.35680466575501413E0
2.60099999999999998E9	-4.02911104702022715E0
2.61100000000000021E9	-4.73670545546744304E0
2.62100000000000000E9	-5.46955386445397895E0
2.63100000000000023E9	-6.21878624047838802E0
2.64100000000000046E9	-6.97693366378809099E0
2.65100000000000025E9	-7.73794735499197106E0
2.66100000000000048E9	-8.49708557139313747E0
2.67100000000000026E9	-9.25073723170139317E0
2.68100000000000005E9	-9.99622853497976038E0
2.69100000000000028E9	-1.07316392338561273E1
2.70100000000000007E9	-1.14556412584324452E1
2.71100000000000030E9	-1.21673637157784120E1
2.72100000000000009E9	-1.28662835448642232E1
2.73100000000000032E9	-1.35521389025015360E1
2.74100000000000055E9	-1.42248616309782316E1
2.75100000000000033E9	-1.48845252077271306E1
2.76100000000000012E9	-1.55313049767702238E1
2.77099999999999991E9	-1.61654479753616664E1
2.78100000000000014E9	-1.67872501782671302E1
2.79100000000000037E9	-1.73970394342487511E1
2.80100000000000016E9	-1.79951627479991272E1
2.81100000000000039E9	-1.85819768668977803E1
2.82100000000000017E9	-1.91578413739271047E1
2.83100000000000041E9	-1.97231136765233517E1
2.84100000000000019E9	-2.02781454264593108E1
2.85099999999999998E9	-2.08232800172074617E1
2.86100000000000021E9	-2.13588508902060958E1
2.87100000000000000E9	-2.18851804461355526E1
2.88100000000000023E9	-2.24025794064858852E1
2.89100000000000046E9	-2.29113465080632039E1
2.90100000000000025E9	-2.34117684414734439E1
2.91100000000000048E9	-2.39041199662066672E1
2.92100000000000026E9	-2.43886641513599889E1
2.93100000000000005E9	-2.48656527035328523E1
2.94100000000000028E9	-2.53353263529430750E1
2.95100000000000007E9	-2.57979152760630326E1
2.96100000000000030E9	-2.62536395385999244E1
2.97100000000000009E9	-2.67027095468551323E1
2.98100000000000032E9	-2.71453264987050957E1
2.99100000000000055E9	-2.75816828278852366E1
3.00100000000000033E9	-2.80119626371126307E1
3.01100000000000012E9	-2.84363421169867436E1
3.02099999999999991E9	-2.88549899486674954E1
3.03100000000000014E9	-2.92680676891253322E1
3.04100000000000037E9	-2.96757301383522742E1
3.05100000000000016E9	-3.00781256883611769E1
3.06100000000000039E9	-3.04753966541203347E1
3.07100000000000017E9	-3.08676795868006071E1
3.08100000000000041E9	-3.12551055698719571E1
3.09100000000000019E9	-3.16378004986949612E1
3.10099999999999998E9	-3.20158853443203517E1
3.11100000000000021E9	-3.23894764022488335E1
3.12100000000000000E9	-3.27586855269191357E1
3.13100000000000023E9	-3.31236203526926243E1
3.14100000000000046E9	-3.34843845020904007E1
3.15100000000000025E9	-3.38410777820188091E1
3.16100000000000048E9	-3.41937963686928370E1
3.17100000000000026E9	-3.45426329819371380E1
3.18100000000000005E9	-3.48876770495119448E1
3.19100000000000028E9	-3.52290148620779409E1
3.20100000000000051E9	-3.55667297193803922E1
3.21099999999999985E9	-3.59009020681993363E1
3.22100000000000009E9	-3.62316096325801817E1
3.23100000000000032E9	-3.65589275368275812E1
3.24100000000000055E9	-3.68829284217147446E1
3.25100000000000033E9	-3.72036825543320671E1
3.26100000000000012E9	-3.75212579319711903E1
3.27099999999999991E9	-3.78357203804147968E1
3.28100000000000014E9	-3.81471336469782596E1
3.29100000000000037E9	-3.84555594886261431E1
3.30100000000000060E9	-3.87610577554653357E1
3.31099999999999994E9	-3.90636864698963127E1
3.32100000000000017E9	-3.93635019016854804E1
3.33100000000000041E9	-3.96605586392041820E1
3.34100000000000019E9	-3.99549096570631557E1
3.35100000000000042E9	-4.02466063803565177E1
3.36099999999999977E9	-4.05356987457152140E1
3.37100000000000000E9	-4.08222352593563187E1
3.38100000000000023E9	-4.11062630523027650E1
3.39100000000000046E9	-4.13878279329364052E1
3.40100000000000069E9	-4.16669744370369433E1
3.41100000000000003E9	-4.19437458754492454E1
3.42100000000000026E9	-4.22181843795124134E1
3.43100000000000005E9	-4.24903309443756161E1
3.44100000000000028E9	-4.27602254703175433E1
3.45100000000000051E9	-4.30279068021790234E1
3.46099999999999985E9	-4.32934127670117608E1
3.47100000000000009E9	-4.35567802100392054E1
3.48100000000000032E9	-4.38180450290201318E1
3.49100000000000055E9	-4.40772422070995962E1
3.50100000000000033E9	-4.43344058442270228E1
3.51100000000000012E9	-4.45895691872162470E1
3.52099999999999991E9	-4.48427646585176021E1
3.53100000000000014E9	-4.50940238837685392E1
3.54100000000000037E9	-4.53433777181847031E1
3.55100000000000060E9	-4.55908562718501553E1
3.56099999999999994E9	-4.58364889339617232E1
3.57100000000000017E9	-4.60803043960797165E1
3.58100000000000041E9	-4.63223306744335428E1
3.59100000000000019E9	-4.65625951313287434E1
3.60100000000000042E9	-4.68011244956988381E1
3.61099999999999977E9	-4.70379448828430391E1
3.62100000000000000E9	-4.72730818133887976E1
3.63100000000000023E9	-4.75065602315155644E1
3.64100000000000046E9	-4.77384045224747577E1
3.65100000000000069E9	-4.79686385294383566E1
3.66100000000000003E9	-4.81972855697073843E1
3.67100000000000026E9	-4.84243684503093696E1
3.68100000000000005E9	-4.86499094830126566E1
3.69100000000000028E9	-4.88739304987839240E1
3.70100000000000051E9	-4.90964528617135088E1
3.71099999999999985E9	-4.93174974824326018E1
3.72100000000000009E9	-4.95370848310442735E1
3.73100000000000032E9	-4.97552349495897950E1
3.74100000000000055E9	-4.99719674640704348E1
3.75100000000000033E9	-5.01873015960435787E1
3.76100000000000012E9	-5.04012561738117970E1
3.77099999999999991E9	-5.06138496432216733E1
3.78100000000000014E9	-5.08251000780891982E1
3.79100000000000037E9	-5.10350251902668628E1
3.80100000000000060E9	-5.12436423393678719E1
3.81099999999999994E9	-5.14509685421610818E1
3.82100000000000017E9	-5.16570204816504575E1
3.83100000000000041E9	-5.18618145158515809E1
3.84100000000000019E9	-5.20653666862776898E1
3.85100000000000042E9	-5.22676927261466062E1
3.86099999999999977E9	-5.24688080683197544E1
3.87100000000000000E9	-5.26687278529837943E1
3.88100000000000023E9	-5.28674669350850746E1
3.89100000000000046E9	-5.30650398915262400E1
3.90100000000000069E9	-5.32614610281344980E1
3.91100000000000003E9	-5.34567443864099889E1
3.92100000000000026E9	-5.36509037500629304E1
3.93100000000000005E9	-5.38439526513472355E1
3.94100000000000028E9	-5.40359043771985004E1
3.95100000000000051E9	-5.42267719751834854E1
3.96099999999999985E9	-5.44165682592681854E1
3.97100000000000009E9	-5.46053058154110982E1
3.98100000000000032E9	-5.47929970069881556E1
3.99100000000000055E9	-5.49796539800553585E1
4.00100000000000033E9	-5.51652886684550037E1
4.01100000000000012E9	-5.53499127987711326E1
4.02099999999999991E9	-5.55335378951396219E1
4.03100000000000058E9	-5.57161752839179236E1
4.04100000000000037E9	-5.58978360982195444E1
4.05100000000000016E9	-5.60785312823178561E1
4.06099999999999994E9	-5.62582715959240076E1
4.07099999999999973E9	-5.64370676183428799E1
4.08100000000000041E9	-5.66149297525118289E1
4.09100000000000019E9	-5.67918682289256349E1
4.10100000000000087E9	-5.69678931094519747E1
4.11099999999999977E9	-5.71430142910408811E1
4.12100000000000044E9	-5.73172415093317333E1
4.13100000000000023E9	-5.74905843421613039E1
4.14100000000000001E9	-5.76630522129760692E1
4.15100000000000069E9	-5.78346543941519453E1
4.16099999999999959E9	-5.80054000102244238E1
4.17100000000000026E9	-5.81752980410321818E1
4.18100000000000005E9	-5.83443573247767588E1
4.19100000000000072E9	-5.85125865610011697E1
4.20100000000000051E9	-5.86799943134899316E1
4.21100000000000030E9	-5.88465890130930891E1
4.22100000000000009E9	-5.90123789604765392E1
4.23099999999999987E9	-5.91773723288010878E1
4.24100000000000055E9	-5.93415771663324332E1
4.25100000000000033E9	-5.95050013989840565E1
4.26100000000000012E9	-5.96676528327954703E1
4.27099999999999991E9	-5.98295391563473711E1
4.28100000000000058E9	-5.99906679431159340E1
4.29100000000000037E9	-6.01510466537679722E1
4.30100000000000016E9	-6.03106826383988537E1
4.31099999999999994E9	-6.04695831387146399E1
4.32099999999999973E9	-6.06277552901605787E1
4.33100000000000041E9	-6.07852061239969554E1
4.34100000000000019E9	-6.09419425693244321E1
4.35100000000000087E9	-6.10979714550599251E1
4.36099999999999977E9	-6.12532995118648138E1
4.37100000000000044E9	-6.14079333740265199E1
4.38100000000000023E9	-6.15618795812951625E1
4.39100000000000001E9	-6.17151445806763022E1
4.40100000000000069E9	-6.18677347281812740E1
4.41099999999999959E9	-6.20196562905360427E1
4.42100000000000026E9	-6.21709154468500191E1
4.43100000000000005E9	-6.23215182902458498E1
4.44100000000000072E9	-6.24714708294512988E1
4.45100000000000051E9	-6.26207789903542267E1
4.46100000000000030E9	-6.27694486175218103E1
4.47100000000000009E9	-6.29174854756849022E1
4.48099999999999987E9	-6.30648952511884797E1
4.49100000000000055E9	-6.32116835534092125E1
4.50100000000000033E9	-6.33578559161409949E1
4.51100000000000012E9	-6.35034177989492310E1
4.52099999999999991E9	-6.36483745884948515E1
4.53100000000000058E9	-6.37927315998288513E1
4.54100000000000037E9	-6.39364940776580326E1
4.55100000000000016E9	-6.40796671975828058E1
4.56099999999999994E9	-6.42222560673078569E1
4.57099999999999973E9	-6.43642657278262043E1
4.58100000000000041E9	-6.45057011545776326E1
4.59100000000000019E9	-6.46465672585817686E1
4.60100000000000087E9	-6.47868688875469179E1
4.61099999999999977E9	-6.49266108269549580E1
4.62100000000000044E9	-6.50657978011230220E1
4.63100000000000023E9	-6.52044344742426496E1
4.64100000000000001E9	-6.53425254513966536E1
4.65100000000000069E9	-6.54800752795549634E1
4.66099999999999959E9	-6.56170884485490014E1
4.67100000000000026E9	-6.57535693920261100E1
4.68100000000000005E9	-6.58895224883837738E1
4.69100000000000072E9	-6.60249520616846297E1
4.70100000000000051E9	-6.61598623825525323E1
4.71100000000000030E9	-6.62942576690501006E1
4.72100000000000009E9	-6.64281420875383510E1
4.73099999999999987E9	-6.65615197535188674E1
4.74100000000000055E9	-6.66943947324586617E1
4.75100000000000033E9	-6.68267710405985582E1
4.76100000000000012E9	-6.69586526457450493E1
4.77099999999999991E9	-6.70900434680465274E1
4.78100000000000058E9	-6.72209473807538149E1
4.79100000000000037E9	-6.73513682109655498E1
4.80100000000000016E9	-6.74813097403590412E1
4.81099999999999994E9	-6.76107757059062742E1
4.82099999999999973E9	-6.77397698005763083E1
4.83100000000000041E9	-6.78682956740234733E1
4.84100000000000019E9	-6.79963569332624651E1
4.85100000000000087E9	-6.81239571433302693E1
4.86099999999999977E9	-6.82510998279350911E1
4.87100000000000044E9	-6.83777884700930105E1
4.88100000000000023E9	-6.85040265127522296E1
4.89100000000000001E9	-6.86298173594055338E1
4.90100000000000069E9	-6.87551643746909935E1
4.91099999999999959E9	-6.88800708849812260E1
4.92100000000000026E9	-6.90045401789616619E1
4.93100000000000005E9	-6.91285755081978159E1
4.94100000000000072E9	-6.92521800876919258E1
4.95100000000000051E9	-6.93753570964292088E1
4.96100000000000030E9	-6.94981096779139840E1
4.97100000000000009E9	-6.96204409406957403E1
4.98099999999999987E9	-6.97423539588856034E1
4.99100000000000055E9	-6.98638517726632546E1
5.00100000000000033E9	-6.99849373887745241E1
5.01100000000000012E9	-7.01056137810199687E1
5.02099999999999991E9	-7.02258838907344529E1
5.03100000000000058E9	-7.03457506272580879E1
5.04100000000000037E9	-7.04652168683986968E1
5.05100000000000016E9	-7.05842854608859227E1
5.06099999999999994E9	-7.07029592208170943E1
5.07099999999999973E9	-7.08212409340953108E1
5.08100000000000041E9	-7.09391333568595961E1
5.09100000000000019E9	-7.10566392159074933E1
5.10100000000000087E9	-7.11737612091100225E1
5.11099999999999977E9	-7.12905020058196204E1
5.12100000000000044E9	-7.14068642472706205E1
5.13100000000000023E9	-7.15228505469729026E1
5.14100000000000001E9	-7.16384634910986762E1
5.15100000000000069E9	-7.17537056388624439E1
5.16099999999999959E9	-7.18685795228944890E1
5.17100000000000026E9	-7.19830876496078531E1
5.18100000000000005E9	-7.20972324995590697E1
5.19100000000000072E9	-7.22110165278026717E1
5.20100000000000051E9	-7.23244421642396240E1
5.21100000000000030E9	-7.24375118139599472E1
5.22100000000000009E9	-7.25502278575793280E1
5.23099999999999987E9	-7.26625926515703036E1
5.24100000000000055E9	-7.27746085285876187E1
5.25100000000000033E9	-7.28862777977882992E1
5.26100000000000012E9	-7.29976027451462350E1
5.27099999999999991E9	-7.31085856337617379E1
5.28100000000000058E9	-7.32192287041655998E1
5.29100000000000037E9	-7.33295341746185425E1
5.30100000000000016E9	-7.34395042414053556E1
5.31099999999999994E9	-7.35491410791244071E1
5.32099999999999973E9	-7.36584468409723581E1
5.33100000000000041E9	-7.37674236590242138E1
5.34100000000000019E9	-7.38760736445088106E1
5.35100000000000087E9	-7.39843988880798253E1
5.36099999999999977E9	-7.40924014600824687E1
5.37100000000000044E9	-7.42000834108157825E1
5.38100000000000023E9	-7.43074467707907083E1
5.39100000000000001E9	-7.44144935509842043E1
5.40100000000000069E9	-7.45212257430890368E1
5.41099999999999959E9	-7.46276453197597611E1
5.42100000000000026E9	-7.47337542348548567E1
5.43100000000000005E9	-7.48395544236748389E1
5.44100000000000072E9	-7.49450478031967116E1
5.45100000000000051E9	-7.50502362723048400E1
5.46100000000000030E9	-7.51551217120179693E1
5.47100000000000009E9	-7.52597059857129391E1
5.48099999999999987E9	-7.53639909393448004E1
5.49100000000000055E9	-7.54679784016633715E1
5.50100000000000033E9	-7.55716701844268535E1
5.51100000000000012E9	-7.56750680826116007E1
5.52099999999999991E9	-7.57781738746191724E1
5.53100000000000058E9	-7.58809893224798948E1
5.54100000000000037E9	-7.59835161720533314E1
5.55100000000000016E9	-7.60857561532259563E1
5.56099999999999994E9	-7.61877109801054342E1
5.57099999999999973E9	-7.62893823512123426E1
5.58100000000000041E9	-7.63907719496686166E1
5.59100000000000019E9	-7.64918814433835514E1
5.60100000000000087E9	-7.65927124852366870E1
5.61099999999999977E9	-7.66932667132581081E1
5.62100000000000044E9	-7.67935457508060715E1
5.63100000000000023E9	-7.68935512067418436E1
5.64100000000000001E9	-7.69932846756022649E1
5.65100000000000069E9	-7.70927477377692316E1
5.66099999999999959E9	-7.71919419596372602E1
5.67100000000000026E9	-7.72908688937781641E1
5.68100000000000005E9	-7.73895300791035634E1
5.69100000000000072E9	-7.74879270410248289E1
5.70100000000000051E9	-7.75860612916108749E1
5.71100000000000030E9	-7.76839343297435381E1
5.72100000000000009E9	-7.77815476412706897E1
5.73099999999999987E9	-7.78789026991573330E1
5.74100000000000055E9	-7.79760009636342222E1
5.75100000000000033E9	-7.80728438823445181E1
5.76100000000000012E9	-7.81694328904884195E1
5.77099999999999991E9	-7.82657694109655466E1
5.78100000000000058E9	-7.83618548545154248E1
5.79100000000000037E9	-7.84576906198559065E1
5.80100000000000016E9	-7.85532780938196318E1
5.81099999999999994E9	-7.86486186514886576E1
5.82099999999999973E9	-7.87437136563270457E1
5.83100000000000041E9	-7.88385644603116909E1
5.84100000000000019E9	-7.89331724040612492E1
5.85100000000000087E9	-7.90275388169633874E1
5.86099999999999977E9	-7.91216650173000424E1
5.87100000000000044E9	-7.92155523123711980E1
5.88100000000000023E9	-7.93092019986167696E1
5.89100000000000001E9	-7.94026153617368102E1
5.90100000000000069E9	-7.94957936768101359E1
5.91099999999999959E9	-7.95887382084113604E1
5.92100000000000026E9	-7.96814502107261013E1
5.93100000000000005E9	-7.97739309276649244E1
5.94100000000000072E9	-7.98661815929754759E1
5.95100000000000051E9	-7.99582034303532474E1
5.96100000000000030E9	-8.00499976535507152E1
5.97100000000000009E9	-8.01415654664851473E1
5.98099999999999987E9	-8.02329080633448122E1
5.99100000000000055E9	-8.03240266286939075E1
6.00100000000000033E9	-8.04149223375758915E1
6.01100000000000012E9	-8.05055963556156762E1
6.02099999999999991E9	-8.05960498391202051E1
6.03100000000000058E9	-8.06862839351778582E1
6.04100000000000037E9	-8.07762997817565243E1
6.05100000000000016E9	-8.08660985078002348E1
6.06099999999999994E9	-8.09556812333248033E1
6.07099999999999973E9	-8.10450490695118120E1
6.08100000000000041E9	-8.11342031188017998E1
6.09100000000000019E9	-8.12231444749858333E1
6.10100000000000087E9	-8.13118742232961544E1
6.11099999999999977E9	-8.14003934404955842E1
6.12100000000000044E9	-8.14887031949655771E1
6.13100000000000023E9	-8.15768045467935110E1
6.14100000000000001E9	-8.16646985478584142E1
6.15100000000000069E9	-8.17523862419159641E1
6.16099999999999959E9	-8.18398686646821183E1
6.17100000000000026E9	-8.19271468439158213E1
6.18100000000000005E9	-8.20142217995006462E1
6.19100000000000072E9	-8.21010945435252815E1
6.20100000000000051E9	-8.21877660803631294E1
6.21100000000000030E9	-8.22742374067508564E1
6.22100000000000009E9	-8.23605095118658603E1
6.23099999999999987E9	-8.24465833774028667E1
6.24100000000000055E9	-8.25324599776495127E1
6.25100000000000033E9	-8.26181402795609721E1
6.26100000000000012E9	-8.27036252428336915E1
6.27099999999999991E9	-8.27889158199781328E1
6.28100000000000058E9	-8.28740129563906258E1
6.29100000000000037E9	-8.29589175904244414E1
6.30100000000000016E9	-8.30436306534597790E1
6.31099999999999994E9	-8.31281530699730098E1
6.32099999999999973E9	-8.32124857576051369E1
6.33100000000000041E9	-8.32966296272291906E1
6.34100000000000019E9	-8.33805855830170195E1
6.35100000000000087E9	-8.34643545225051220E1
6.36099999999999977E9	-8.35479373366597500E1
6.37100000000000044E9	-8.36313349099411596E1
6.38100000000000023E9	-8.37145481203670982E1
6.39100000000000001E9	-8.37975778395755633E1
6.40100000000000069E9	-8.38804249328866902E1
6.41099999999999959E9	-8.39630902593640549E1
6.42100000000000115E9	-8.40455746718751051E1
6.43100000000000005E9	-8.41278790171508639E1
6.44099999999999984E9	-8.42100041358450291E1
6.45100000000000051E9	-8.42919508625922376E1
6.46100000000000030E9	-8.43737200260657261E1
6.47100000000000097E9	-8.44553124490342455E1
6.48099999999999987E9	-8.45367289484183004E1
6.49099999999999966E9	-8.46179703353457668E1
6.50100000000000033E9	-8.46990374152068703E1
6.51100000000000012E9	-8.47799309877083651E1
6.52100000000000080E9	-8.48606518469272153E1
6.53100000000000058E9	-8.49412007813636549E1
6.54099999999999948E9	-8.50215785739935548E1
6.55100000000000016E9	-8.51017860023201500E1
6.56099999999999994E9	-8.51818238384252702E1
6.57100000000000062E9	-8.52616928490199300E1
6.58100000000000041E9	-8.53413937954942270E1
6.59099999999999930E9	-8.54209274339668490E1
6.60100000000000087E9	-8.55002945153338523E1
6.61099999999999977E9	-8.55794957853169436E1
6.62100000000000044E9	-8.56585319845112458E1
6.63100000000000023E9	-8.57374038484323897E1
6.64100000000000001E9	-8.58161121075631961E1
6.65100000000000069E9	-8.58946574873997548E1
6.66099999999999959E9	-8.59730407084969528E1
6.67100000000000115E9	-8.60512624865136466E1
6.68100000000000005E9	-8.61293235322570361E1
6.69099999999999984E9	-8.62072245517268243E1
6.70100000000000051E9	-8.62849662461586675E1
6.71100000000000030E9	-8.63625493120672871E1
6.72100000000000097E9	-8.64399744412889603E1
6.73099999999999987E9	-8.65172423210236730E1
6.74099999999999966E9	-8.65943536338766862E1
6.75100000000000033E9	-8.66713090578996237E1
6.76100000000000012E9	-8.67481092666313103E1
6.77100000000000080E9	-8.68247549291378462E1
6.78100000000000058E9	-8.69012467100524333E1
6.79099999999999948E9	-8.69775852696147922E1
6.80100000000000016E9	-8.70537712637099581E1
6.81099999999999994E9	-8.71298053439068454E1
6.82100000000000062E9	-8.72056881574962439E1
6.83100000000000041E9	-8.72814203475284778E1
6.84099999999999930E9	-8.73570025528506555E1
6.85100000000000087E9	-8.74324354081434052E1
6.86099999999999977E9	-8.75077195439573785E1
6.87100000000000044E9	-8.75828555867492042E1
6.88100000000000023E9	-8.76578441589171398E1
6.89100000000000001E9	-8.77326858788362784E1
6.90100000000000069E9	-8.78073813608934550E1
6.91099999999999959E9	-8.78819312155216892E1
6.92100000000000115E9	-8.79563360492342916E1
6.93100000000000005E9	-8.80305964646586503E1
6.94099999999999984E9	-8.81047130605695195E1
6.95100000000000051E9	-8.81786864319221309E1
6.96100000000000030E9	-8.82525171698848077E1
6.97100000000000097E9	-8.83262058618713120E1
6.98099999999999987E9	-8.83997530915727836E1
6.99099999999999966E9	-8.84731594389894305E1
7.00100000000000033E9	-8.85464254804617923E1
7.01100000000000012E9	-8.86195517887016848E1
7.02100000000000080E9	-8.86925389328228952E1
7.03100000000000058E9	-8.87653874783714691E1
7.04099999999999948E9	-8.88380979873557308E1
7.05100000000000016E9	-8.89106710182759663E1
7.06099999999999994E9	-8.89831071261537154E1
7.07100000000000062E9	-8.90554068625610107E1
7.08100000000000041E9	-8.91275707756489943E1
7.09099999999999930E9	-8.91995994101764289E1
7.10100000000000087E9	-8.92714933075378703E1
7.11099999999999977E9	-8.93432530057915741E1
7.12100000000000044E9	-8.94148790396870297E1
7.13100000000000023E9	-8.94863719406922797E1
7.14100000000000001E9	-8.95577322370210105E1
7.15100000000000069E9	-8.96289604536591966E1
7.16099999999999959E9	-8.97000571123916224E1
7.17100000000000115E9	-8.97710227318281184E1
7.18100000000000005E9	-8.98418578274293900E1
7.19099999999999984E9	-8.99125629115328096E1
7.20100000000000051E9	-8.99831384933777478E1
7.21100000000000030E9	-9.00535850791307269E1
7.22100000000000097E9	-9.01239031719103423E1
7.23099999999999987E9	-9.01940932718118660E1
7.24099999999999966E9	-9.02641558759317242E1
7.25100000000000033E9	-9.03340914783914961E1
7.26100000000000012E9	-9.04039005703620191E1
7.27100000000000080E9	-9.04735836400868543E1
7.28100000000000058E9	-9.05431411729058411E1
7.29099999999999948E9	-9.06125736512782431E1
7.30100000000000016E9	-9.06818815548057522E1
7.31099999999999994E9	-9.07510653602551720E1
7.32100000000000062E9	-9.08201255415809605E1
7.33100000000000041E9	-9.08890625699474874E1
7.34099999999999930E9	-9.09578769137511145E1
7.35100000000000087E9	-9.10265690386420978E1
7.36099999999999977E9	-9.10951394075460641E1
7.37100000000000044E9	-9.11635884806856289E1
7.38100000000000023E9	-9.12319167156014643E1
7.39100000000000001E9	-9.13001245671733130E1
7.40100000000000069E9	-9.13682124876408608E1
7.41099999999999959E9	-9.14361809266242531E1
7.42100000000000115E9	-9.15040303311445413E1
7.43100000000000005E9	-9.15717611456438085E1
7.44099999999999984E9	-9.16393738120052248E1
7.45100000000000051E9	-9.17068687695728357E1
7.46100000000000030E9	-9.17742464551711556E1
7.47100000000000097E9	-9.18415073031246365E1
7.48099999999999987E9	-9.19086517452768526E1
7.49099999999999966E9	-9.19756802110095428E1
7.50100000000000033E9	-9.20425931272615472E1
7.51100000000000012E9	-9.21093909185474402E1
7.52100000000000080E9	-9.21760740069760764E1
7.53100000000000058E9	-9.22426428122688336E1
7.54099999999999948E9	-9.23090977517779265E1
7.55100000000000016E9	-9.23754392405042069E1
7.56099999999999994E9	-9.24416676911151391E1
7.57100000000000062E9	-9.25077835139623872E1
7.58100000000000041E9	-9.25737871170991866E1
7.59099999999999930E9	-9.26396789062978954E1
7.60100000000000087E9	-9.27054592850668868E1
7.61099999999999977E9	-9.27711286546677272E1
7.62100000000000044E9	-9.28366874141319087E1
7.63100000000000023E9	-9.29021359602775654E1
7.64100000000000001E9	-9.29674746877259572E1
7.65100000000000069E9	-9.30327039889178842E1
7.66099999999999959E9	-9.30978242541298329E1
7.67100000000000115E9	-9.31628358714900529E1
7.68100000000000005E9	-9.32277392269945615E1
7.69099999999999984E9	-9.32925347045227227E1
7.70100000000000051E9	-9.33572226858530385E1
7.71100000000000030E9	-9.34218035506785149E1
7.72100000000000097E9	-9.34862776766220804E1
7.73099999999999987E9	-9.35506454392516673E1
7.74099999999999966E9	-9.36149072120953818E1
7.75100000000000033E9	-9.36790633666563366E1
7.76100000000000012E9	-9.37431142724273947E1
7.77100000000000080E9	-9.38070602969059664E1
7.78100000000000058E9	-9.38709018056083089E1
7.79099999999999948E9	-9.39346391620841281E1
7.80100000000000016E9	-9.39982727279305941E1
7.81099999999999994E9	-9.40618028628066583E1
7.82100000000000062E9	-9.41252299244468915E1
7.83100000000000041E9	-9.41885542686754462E1
7.84099999999999930E9	-9.42517762494197697E1
7.85100000000000087E9	-9.43148962187241580E1
7.86099999999999977E9	-9.43779145267633446E1
7.87100000000000044E9	-9.44408315218558236E1
7.88100000000000023E9	-9.45036475504770834E1
7.89100000000000001E9	-9.45663629572727515E1
7.90100000000000069E9	-9.46289780850716511E1
7.91099999999999959E9	-9.46914932748986438E1
7.92100000000000115E9	-9.47539088659874373E1
7.93100000000000005E9	-9.48162251957932689E1
7.94099999999999984E9	-9.48784426000055170E1
7.95100000000000051E9	-9.49405614125599406E1
7.96100000000000030E9	-9.50025819656513448E1
7.97100000000000097E9	-9.50645045897454999E1
7.98099999999999987E9	-9.51263296135914871E1
7.99099999999999966E9	-9.51880573642335648E1
8.00100000000000122E9	-9.52496881670231943E1
8.01099999999999923E9	-9.53112223456307461E1
8.02100000000000080E9	-9.53726602220573305E1
8.03100000000000058E9	-9.54340021166462371E1
8.04100000000000037E9	-9.54952483480945702E1
8.05100000000000016E9	-9.55563992334645995E1
8.06099999999999994E9	-9.56174550881950402E1
8.07100000000000151E9	-9.56784162261123328E1
8.08099999999999952E9	-9.57392829594416384E1
8.09099999999999930E9	-9.58000555988179769E1
8.10100000000000087E9	-9.58607344532970274E1
8.11100000000000065E9	-9.59213198303660342E1
8.12100000000000044E9	-9.59818120359545190E1
8.13100000000000023E9	-9.60422113744448680E1
8.14100000000000001E9	-9.61025181486829716E1
8.15099999999999980E9	-9.61627326599885812E1
8.16099999999999959E9	-9.62228552081657540E1
8.17100000000000115E9	-9.62828860915131379E1
8.18100000000000094E9	-9.63428256068340438E1
8.19099999999999895E9	-9.64026740494467660E1
8.20100000000000051E9	-9.64624317131943521E1
8.21100000000000030E9	-9.65220988904547461E1
8.22100000000000009E9	-9.65816758721505764E1
8.23099999999999987E9	-9.66411629477588185E1
8.24099999999999966E9	-9.67005604053206724E1
8.25100000000000122E9	-9.67598685314509943E1
8.26099999999999923E9	-9.68190876113479781E1
8.27100000000000080E9	-9.68782179288024103E1
8.28100000000000058E9	-9.69372597662072621E1
8.29100000000000037E9	-9.69962134045668201E1
8.30100000000000016E9	-9.70550791235059052E1
8.31099999999999994E9	-9.71138572012790924E1
8.32100000000000151E9	-9.71725479147796989E1
8.33099999999999952E9	-9.72311515395488080E1
8.34099999999999930E9	-9.72896683497841508E1
8.35100000000000087E9	-9.73480986183489172E1
8.36100000000000065E9	-9.74064426167806729E1
8.37100000000000044E9	-9.74647006152997797E1
8.38100000000000023E9	-9.75228728828182767E1
8.39100000000000001E9	-9.75809596869482831E1
8.40099999999999980E9	-9.76389612940105422E1
8.41099999999999959E9	-9.76968779690427702E1
8.42100000000000115E9	-9.77547099758080584E1
8.43100000000000094E9	-9.78124575768031157E1
8.44099999999999895E9	-9.78701210332664928E1
8.45100000000000051E9	-9.79277006051866827E1
8.46100000000000030E9	-9.79851965513102385E1
8.47100000000000009E9	-9.80426091291497670E1
8.48099999999999987E9	-9.80999385949918690E1
8.49099999999999966E9	-9.81571852039050086E1
8.50100000000000122E9	-9.82143492097473292E1
8.51099999999999923E9	-9.82714308651744517E1
8.52100000000000080E9	-9.83284304216470950E1
8.53100000000000058E9	-9.83853481294387500E1
8.54100000000000037E9	-9.84421842376432643E1
8.55100000000000016E9	-9.84989389941822679E1
8.56099999999999994E9	-9.85556126458127046E1
8.57100000000000151E9	-9.86122054381342394E1
8.58099999999999952E9	-9.86687176155964352E1
8.59099999999999930E9	-9.87251494215062309E1
8.60100000000000087E9	-9.87815010980349761E1
8.61100000000000065E9	-9.88377728862256966E1
8.62100000000000044E9	-9.88939650260001635E1
8.63100000000000023E9	-9.89500777561659639E1
8.64100000000000001E9	-9.90061113144233573E1
8.65099999999999980E9	-9.90620659373724521E1
8.66099999999999959E9	-9.91179418605198492E1
8.67100000000000115E9	-9.91737393182855698E1
8.68100000000000094E9	-9.92294585440098764E1
8.69099999999999895E9	-9.92850997699598636E1
8.70100000000000051E9	-9.93406632273362611E1
8.71100000000000030E9	-9.93961491462799529E1
8.72100000000000009E9	-9.94515577558785324E1
8.73099999999999987E9	-9.95068892841729280E1
8.74099999999999966E9	-9.95621439581637091E1
8.75100000000000122E9	-9.96173220038176943E1
8.76099999999999923E9	-9.96724236460740265E1
8.77100000000000080E9	-9.97274491088508164E1
8.78100000000000058E9	-9.97823986150511288E1
8.79100000000000037E9	-9.98372723865693779E1
8.80100000000000016E9	-9.98920706442974371E1
8.81099999999999994E9	-9.99467936081307151E1
8.82100000000000151E9	-1.00001441496974275E2
8.83099999999999952E9	-1.00056014528748882E2
8.84099999999999930E9	-1.00110512920396943E2
8.85100000000000087E9	-1.00164936887888456E2
8.86100000000000065E9	-1.00219286646226902E2
8.87100000000000044E9	-1.00273562409455108E2
8.88100000000000023E9	-1.00327764390661001E2
8.89100000000000001E9	-1.00381892801983397E2
8.90099999999999980E9	-1.00435947854617802E2
8.91099999999999959E9	-1.00489929758821850E2
8.92100000000000115E9	-1.00543838723921186E2
8.93100000000000094E9	-1.00597674958314887E2
8.94099999999999895E9	-1.00651438669481097E2
8.95100000000000051E9	-1.00705130063982429E2
8.96100000000000030E9	-1.00758749347471577E2
8.97100000000000009E9	-1.00812296724696582E2
8.98099999999999987E9	-1.00865772399506293E2
8.99099999999999966E9	-1.00919176574855718E2
9.00100000000000122E9	-1.00972509452811221E2
9.01099999999999923E9	-1.01025771234555917E2
9.02100000000000080E9	-1.01078962120394800E2
9.03100000000000058E9	-1.01132082309760007E2
9.04100000000000037E9	-1.01185132001215861E2
9.05100000000000016E9	-1.01238111392464014E2
9.06099999999999994E9	-1.01291020680348565E2
9.07100000000000151E9	-1.01343860060861068E2
9.08099999999999952E9	-1.01396629729145449E2
9.09099999999999930E9	-1.01449329879503081E2
9.10100000000000087E9	-1.01501960705397565E2
9.11100000000000065E9	-1.01554522399459812E2
9.12100000000000044E9	-1.01607015153492686E2
9.13100000000000023E9	-1.01659439158475950E2
9.14100000000000001E9	-1.01711794604570982E2
9.15099999999999980E9	-1.01764081681125540E2
9.16099999999999959E9	-1.01816300576678431E2
9.17100000000000115E9	-1.01868451478964306E2
9.18100000000000094E9	-1.01920534574918142E2
9.19099999999999895E9	-1.01972550050679955E2
9.20100000000000051E9	-1.02024498091599325E2
9.21100000000000030E9	-1.02076378882239949E2
9.22100000000000009E9	-1.02128192606384149E2
9.23099999999999987E9	-1.02179939447037382E2
9.24099999999999966E9	-1.02231619586432609E2
9.25100000000000122E9	-1.02283233206034807E2
9.26099999999999923E9	-1.02334780486545207E2
9.27100000000000080E9	-1.02386261607905782E2
9.28100000000000058E9	-1.02437676749303441E2
9.29100000000000037E9	-1.02489026089174518E2
9.30100000000000016E9	-1.02540309805208696E2
9.31099999999999994E9	-1.02591528074353588E2
9.32100000000000151E9	-1.02642681072818709E2
9.33099999999999952E9	-1.02693768976079669E2
9.34099999999999930E9	-1.02744791958882375E2
9.35100000000000087E9	-1.02795750195247115E2
9.36100000000000065E9	-1.02846643858472619E2
9.37100000000000044E9	-1.02897473121140060E2
9.38100000000000023E9	-1.02948238155117222E2
9.39100000000000001E9	-1.02998939131562306E2
9.40099999999999980E9	-1.03049576220928052E2
9.41099999999999959E9	-1.03100149592965562E2
9.42100000000000115E9	-1.03150659416728252E2
9.43100000000000094E9	-1.03201105860575826E2
9.44099999999999895E9	-1.03251489092177873E2
9.45100000000000051E9	-1.03301809278518020E2
9.46100000000000030E9	-1.03352066585897484E2
9.47100000000000009E9	-1.03402261179938937E2
9.48099999999999987E9	-1.03452393225590278E2
9.49099999999999966E9	-1.03502462887128344E2
9.50100000000000122E9	-1.03552470328162505E2
9.51099999999999923E9	-1.03602415711638507E2
9.52100000000000080E9	-1.03652299199841980E2
9.53100000000000058E9	-1.03702120954402144E2
9.54100000000000037E9	-1.03751881136295299E2
9.55100000000000016E9	-1.03801579905848529E2
9.56099999999999994E9	-1.03851217422743125E2
9.57100000000000151E9	-1.03900793846018225E2
9.58099999999999952E9	-1.03950309334074165E2
9.59099999999999930E9	-1.03999764044676057E2
9.60100000000000087E9	-1.04049158134957276E2
9.61100000000000065E9	-1.04098491761422740E2
9.62100000000000044E9	-1.04147765079952448E2
9.63100000000000023E9	-1.04196978245804805E2
9.64100000000000001E9	-1.04246131413619958E2
9.65099999999999980E9	-1.04295224737423142E2
9.66099999999999959E9	-1.04344258370627996E2
9.67100000000000115E9	-1.04393232466039976E2
9.68100000000000094E9	-1.04442147175859312E2
9.69099999999999895E9	-1.04491002651684539E2
9.70100000000000051E9	-1.04539799044515647E2
9.71100000000000030E9	-1.04588536504757235E2
9.72100000000000009E9	-1.04637215182221643E2
9.73099999999999987E9	-1.04685835226132240E2
9.74099999999999966E9	-1.04734396785126549E2
9.75100000000000122E9	-1.04782900007259183E2
9.76099999999999923E9	-1.04831345040005197E2
9.77100000000000080E9	-1.04879732030262907E2
9.78100000000000058E9	-1.04928061124357219E2
9.79100000000000037E9	-1.04976332468042322E2
9.80100000000000016E9	-1.05024546206505076E2
9.81099999999999994E9	-1.05072702484367708E2
9.82100000000000151E9	-1.05120801445690959E2
9.83099999999999952E9	-1.05168843233976905E2
9.84099999999999930E9	-1.05216827992172024E2
9.85100000000000087E9	-1.05264755862670034E2
9.86100000000000065E9	-1.05312626987314784E2
9.87100000000000044E9	-1.05360441507403135E2
9.88100000000000023E9	-1.05408199563687899E2
9.89100000000000001E9	-1.05455901296380539E2
9.90099999999999980E9	-1.05503546845154061E2
9.91099999999999959E9	-1.05551136349145880E2
9.92100000000000115E9	-1.05598669946960433E2
9.93100000000000094E9	-1.05646147776672161E2
9.94099999999999895E9	-1.05693569975828039E2
9.95100000000000051E9	-1.05740936681450481E2
9.96100000000000030E9	-1.05788248030039922E2
9.97100000000000009E9	-1.05835504157577587E2
9.98099999999999987E9	-1.05882705199528204E2
9.99099999999999966E9	-1.05929851290842469E2
1.00010000000000021E10	-1.05976942565959975E2
1.00109999999999988E10	-1.06023979158811565E2
1.00209999999999999E10	-1.06070961202822156E2
1.00310000000000010E10	-1.06117888830913132E2
1.00409999999999999E10	-1.06164762175505123E2
1.00510000000000010E10	-1.06211581368520358E2
1.00609999999999999E10	-1.06258346541385373E2
1.00710000000000011E10	-1.06305057825033455E2
1.00810000000000000E10	-1.06351715349907150E2
1.00909999999999989E10	-1.06398319245960749E2
1.01010000000000000E10	-1.06444869642662843E2
1.01110000000000011E10	-1.06491366668998677E2
1.01210000000000000E10	-1.06537810453472614E2
1.01310000000000011E10	-1.06584201124110711E2
1.01410000000000000E10	-1.06630538808462871E2
1.01509999999999989E10	-1.06676823633605444E2
1.01610000000000000E10	-1.06723055726143601E2
1.01710000000000012E10	-1.06769235212213554E2
1.01810000000000000E10	-1.06815362217485088E2
1.01909999999999989E10	-1.06861436867163784E2
1.02010000000000001E10	-1.06907459285993345E2
1.02110000000000012E10	-1.06953429598258021E2
1.02210000000000001E10	-1.06999347927784783E2
1.02309999999999990E10	-1.07045214397945565E2
1.02410000000000001E10	-1.07091029131659687E2
1.02509999999999990E10	-1.07136792251396029E2
1.02610000000000001E10	-1.07182503879175206E2
1.02709999999999990E10	-1.07228164136571880E2
1.02809999999999979E10	-1.07273773144716933E2
1.02910000000000013E10	-1.07319331024299691E2
1.03009999999999979E10	-1.07364837895570031E2
1.03109999999999991E10	-1.07410293878340624E2
1.03210000000000002E10	-1.07455699091989088E2
1.03309999999999991E10	-1.07501053655460099E2
1.03410000000000002E10	-1.07546357687267480E2
1.03509999999999991E10	-1.07591611305496437E2
1.03609999999999980E10	-1.07636814627805544E2
1.03709999999999991E10	-1.07681967771428910E2
1.03809999999999980E10	-1.07727070853178142E2
1.03909999999999991E10	-1.07772123989444557E2
1.04010000000000002E10	-1.07817127296201209E2
1.04109999999999969E10	-1.07862080889004774E2
1.04210000000000003E10	-1.07906984882997725E2
1.04309999999999992E10	-1.07951839392910331E2
1.04409999999999981E10	-1.07996644533062613E2
1.04509999999999992E10	-1.08041400417366318E2
1.04609999999999981E10	-1.08086107159327005E2
1.04709999999999992E10	-1.08130764872045826E2
1.04809999999999981E10	-1.08175373668221675E2
1.04909999999999992E10	-1.08219933660152989E2
1.05010000000000003E10	-1.08264444959739725E2
1.05109999999999992E10	-1.08308907678485333E2
1.05209999999999981E10	-1.08353321927498536E2
1.05309999999999993E10	-1.08397687817495325E2
1.05410000000000004E10	-1.08442005458800805E2
1.05509999999999993E10	-1.08486274961351059E2
1.05609999999999982E10	-1.08530496434695101E2
1.05709999999999993E10	-1.08574669987996497E2
1.05810000000000004E10	-1.08618795730035478E2
1.05909999999999993E10	-1.08662873769210533E2
1.06009999999999982E10	-1.08706904213540456E2
1.06109999999999993E10	-1.08750887170665944E2
1.06209999999999982E10	-1.08794822747851438E2
1.06309999999999993E10	-1.08838711051987014E2
1.06410000000000005E10	-1.08882552189590043E2
1.06509999999999994E10	-1.08926346266806973E2
1.06609999999999983E10	-1.08970093389415146E2
1.06709999999999994E10	-1.09013793662824465E2
1.06809999999999983E10	-1.09057447192079104E2
1.06909999999999994E10	-1.09101054081859372E2
1.07009999999999983E10	-1.09144614436483223E2
1.07109999999999994E10	-1.09188128359908143E2
1.07210000000000005E10	-1.09231595955732730E2
1.07309999999999972E10	-1.09275017327198332E2
1.07410000000000005E10	-1.09318392577190893E2
1.07509999999999994E10	-1.09361721808242396E2
1.07609999999999983E10	-1.09405005122532750E2
1.07709999999999995E10	-1.09448242621891167E2
1.07809999999999984E10	-1.09491434407798027E2
1.07909999999999995E10	-1.09534580581386365E2
1.08009999999999984E10	-1.09577681243443492E2
1.08109999999999973E10	-1.09620736494412685E2
1.08210000000000006E10	-1.09663746434394649E2
1.08309999999999995E10	-1.09706711163149273E2
1.08409999999999984E10	-1.09749630780096985E2
1.08509999999999995E10	-1.09792505384320505E2
1.08609999999999984E10	-1.09835335074566354E2
1.08709999999999996E10	-1.09878119949246300E2
1.08809999999999985E10	-1.09920860106439067E2
1.08909999999999996E10	-1.09963555643891686E2
1.09010000000000007E10	-1.10006206659021211E2
1.09109999999999974E10	-1.10048813248916000E2
1.09209999999999985E10	-1.10091375510337430E2
1.09309999999999996E10	-1.10133893539721273E2
1.09409999999999985E10	-1.10176367433179201E2
1.09509999999999996E10	-1.10218797286500303E2
1.09609999999999985E10	-1.10261183195152501E2
1.09709999999999996E10	-1.10303525254284063E2
1.09809999999999985E10	-1.10345823558724998E2
1.09909999999999997E10	-1.10388078202988527E2
1.10009999999999986E10	-1.10430289281272520E2
1.10109999999999997E10	-1.10472456887460990E2
1.10209999999999986E10	-1.10514581115125310E2
1.10309999999999997E10	-1.10556662057525878E2
1.10410000000000008E10	-1.10598699807613388E2
1.10509999999999975E10	-1.10640694458030131E2
1.10609999999999986E10	-1.10682646101111648E2
1.10709999999999997E10	-1.10724554828887811E2
1.10809999999999986E10	-1.10766420733084425E2
1.10909999999999997E10	-1.10808243905124471E2
1.11009999999999986E10	-1.10850024436129457E2
1.11109999999999998E10	-1.10891762416920847E2
1.11209999999999987E10	-1.10933457938021363E2
1.11309999999999976E10	-1.10975111089656231E2
1.11410000000000009E10	-1.11016721961754694E2
1.11509999999999998E10	-1.11058290643951141E2
1.11609999999999987E10	-1.11099817225586550E2
1.11709999999999998E10	-1.11141301795709668E2
1.11809999999999987E10	-1.11182744443078474E2
1.11909999999999998E10	-1.11224145256161289E2
1.12009999999999987E10	-1.11265504323138242E2
1.12109999999999976E10	-1.11306821731902295E2
1.12210000000000010E10	-1.11348097570060789E2
1.12309999999999977E10	-1.11389331924936519E2
1.12409999999999988E10	-1.11430524883569082E2
1.12509999999999999E10	-1.11471676532716035E2
1.12609999999999988E10	-1.11512786958854204E2
1.12709999999999999E10	-1.11553856248180905E2
1.12809999999999988E10	-1.11594884486615120E2
1.12909999999999999E10	-1.11635871759798855E2
1.13009999999999988E10	-1.11676818153098134E2
1.13109999999999977E10	-1.11717723751604425E2
1.13209999999999988E10	-1.11758588640135659E2
1.13310000000000000E10	-1.11799412903237538E2
1.13409999999999989E10	-1.11840196625184718E2
1.13510000000000000E10	-1.11880939889981912E2
1.13609999999999989E10	-1.11921642781365049E2
1.13709999999999978E10	-1.11962305382802652E2
1.13809999999999989E10	-1.12002927777496697E2
1.13910000000000000E10	-1.12043510048383999E2
1.14009999999999989E10	-1.12084052278137247E2
1.14109999999999978E10	-1.12124554549166122E2
1.14209999999999989E10	-1.12165016943618556E2
1.14310000000000000E10	-1.12205439543381780E2
1.14409999999999989E10	-1.12245822430083342E2
1.14509999999999978E10	-1.12286165685092509E2
1.14609999999999990E10	-1.12326469389521044E2
1.14710000000000001E10	-1.12366733624224557E2
1.14809999999999990E10	-1.12406958469803508E2
1.14910000000000001E10	-1.12447144006604249E2
1.15009999999999990E10	-1.12487290314720223E2
1.15110000000000001E10	-1.12527397473992963E2
1.15209999999999990E10	-1.12567465564013203E2
1.15309999999999979E10	-1.12607494664121921E2
1.15410000000000013E10	-1.12647484853411450E2
1.15509999999999979E10	-1.12687436210726455E2
1.15609999999999991E10	-1.12727348814665085E2
1.15710000000000002E10	-1.12767222743579931E2
1.15809999999999991E10	-1.12807058075579114E2
1.15910000000000002E10	-1.12846854888527282E2
1.16009999999999991E10	-1.12886613260046742E2
1.16109999999999980E10	-1.12926333267518308E2
1.16209999999999991E10	-1.12966014988082519E2
1.16309999999999980E10	-1.13005658498640460E2
1.16409999999999991E10	-1.13045263875854940E2
1.16510000000000002E10	-1.13084831196151381E2
1.16609999999999969E10	-1.13124360535718838E2
1.16710000000000003E10	-1.13163851970511042E2
1.16809999999999992E10	-1.13203305576247337E2
1.16909999999999981E10	-1.13242721428413629E2
1.17009999999999992E10	-1.13282099602263475E2
1.17109999999999981E10	-1.13321440172818955E2
1.17209999999999992E10	-1.13360743214871640E2
1.17309999999999981E10	-1.13400008802983643E2
1.17409999999999992E10	-1.13439237011488414E2
1.17510000000000003E10	-1.13478427914491942E2
1.17609999999999992E10	-1.13517581585873417E2
1.17709999999999981E10	-1.13556698099286324E2
1.17809999999999993E10	-1.13595777528159392E2
1.17910000000000004E10	-1.13634819945697485E2
1.18009999999999993E10	-1.13673825424882513E2
1.18109999999999982E10	-1.13712794038474385E2
1.18209999999999993E10	-1.13751725859011943E2
1.18310000000000004E10	-1.13790620958813760E2
1.18409999999999993E10	-1.13829479409979206E2
1.18509999999999982E10	-1.13868301284389273E2
1.18609999999999993E10	-1.13907086653707434E2
1.18709999999999982E10	-1.13945835589380606E2
1.18809999999999993E10	-1.13984548162639987E2
1.18910000000000005E10	-1.14023224444502014E2
1.19009999999999994E10	-1.14061864505769117E2
1.19109999999999983E10	-1.14100468417030720E2
1.19209999999999994E10	-1.14139036248664016E2
1.19309999999999983E10	-1.14177568070834901E2
1.19409999999999994E10	-1.14216063953498836E2
1.19509999999999983E10	-1.14254523966401611E2
1.19609999999999994E10	-1.14292948179080289E2
1.19710000000000005E10	-1.14331336660864058E2
1.19809999999999972E10	-1.14369689480874981E2
1.19910000000000005E10	-1.14408006708028975E2
1.20009999999999994E10	-1.14446288411036479E2
1.20109999999999983E10	-1.14484534658403447E2
1.20209999999999995E10	-1.14522745518432068E2
1.20309999999999984E10	-1.14560921059221643E2
1.20409999999999995E10	-1.14599061348669329E2
1.20509999999999984E10	-1.14637166454471084E2
1.20609999999999973E10	-1.14675236444122342E2
1.20710000000000006E10	-1.14713271384918869E2
1.20809999999999995E10	-1.14751271343957617E2
1.20909999999999984E10	-1.14789236388137428E2
1.21009999999999995E10	-1.14827166584159901E2
1.21109999999999984E10	-1.14865061998530149E2
1.21209999999999996E10	-1.14902922697557575E2
1.21309999999999985E10	-1.14940748747356691E2
1.21409999999999996E10	-1.14978540213847880E2
1.21510000000000007E10	-1.15016297162758097E2
1.21609999999999974E10	-1.15054019659621787E2
1.21709999999999985E10	-1.15091707769781504E2
1.21809999999999996E10	-1.15129361558388799E2
1.21909999999999985E10	-1.15166981090404841E2
1.22009999999999996E10	-1.15204566430601285E2
1.22109999999999985E10	-1.15242117643561026E2
1.22209999999999996E10	-1.15279634793678842E2
1.22309999999999985E10	-1.15317117945162195E2
1.22409999999999997E10	-1.15354567162032007E2
1.22509999999999986E10	-1.15391982508123370E2
1.22609999999999997E10	-1.15429364047086258E2
1.22709999999999986E10	-1.15466711842386216E2
1.22809999999999997E10	-1.15504025957305201E2
1.22910000000000008E10	-1.15541306454942250E2
1.23009999999999975E10	-1.15578553398214123E2
1.23109999999999986E10	-1.15615766849856128E2
1.23209999999999997E10	-1.15652946872422802E2
1.23309999999999986E10	-1.15690093528288540E2
1.23409999999999997E10	-1.15727206879648348E2
1.23509999999999986E10	-1.15764286988518661E2
1.23609999999999998E10	-1.15801333916737836E2
1.23709999999999987E10	-1.15838347725966950E2
1.23809999999999976E10	-1.15875328477690553E2
1.23910000000000009E10	-1.15912276233217160E2
1.24009999999999998E10	-1.15949191053680201E2
1.24109999999999987E10	-1.15986073000038425E2
1.24209999999999998E10	-1.16022922133076789E2
1.24309999999999987E10	-1.16059738513407007E2
1.24409999999999998E10	-1.16096522201468333E2
1.24509999999999987E10	-1.16133273257528025E2
1.24609999999999976E10	-1.16169991741682277E2
1.24710000000000010E10	-1.16206677713856643E2
1.24809999999999977E10	-1.16243331233806879E2
1.24909999999999988E10	-1.16279952361119387E2
1.25009999999999999E10	-1.16316541155212128E2
1.25109999999999988E10	-1.16353097675335082E2
1.25209999999999999E10	-1.16389621980570857E2
1.25309999999999988E10	-1.16426114129835523E2
1.25409999999999999E10	-1.16462574181879064E2
1.25509999999999988E10	-1.16499002195286150E2
1.25609999999999977E10	-1.16535398228476672E2
1.25709999999999988E10	-1.16571762339706386E2
1.25810000000000000E10	-1.16608094587067601E2
1.25909999999999989E10	-1.16644395028489756E2
1.26010000000000000E10	-1.16680663721739974E2
1.26109999999999989E10	-1.16716900724423867E2
1.26209999999999978E10	-1.16753106093985881E2
1.26309999999999989E10	-1.16789279887710196E2
1.26410000000000000E10	-1.16825422162721138E2
1.26509999999999989E10	-1.16861532975983806E2
1.26609999999999978E10	-1.16897612384304717E2
1.26709999999999989E10	-1.16933660444332466E2
1.26810000000000000E10	-1.16969677212558176E2
1.26909999999999989E10	-1.17005662745316164E2
1.27009999999999978E10	-1.17041617098784623E2
1.27109999999999990E10	-1.17077540328986007E2
1.27210000000000001E10	-1.17113432491787806E2
1.27309999999999990E10	-1.17149293642903007E2
1.27410000000000001E10	-1.17185123837890748E2
1.27509999999999990E10	-1.17220923132156907E2
1.27610000000000001E10	-1.17256691580954531E2
1.27709999999999990E10	-1.17292429239384566E2
1.27809999999999979E10	-1.17328136162396413E2
1.27910000000000013E10	-1.17363812404788392E2
1.28009999999999979E10	-1.17399458021208369E2
1.28109999999999991E10	-1.17435073066154372E2
1.28209999999999980E10	-1.17470657593974970E2
1.28309999999999991E10	-1.17506211658870074E2
1.28410000000000002E10	-1.17541735314891316E2
1.28509999999999991E10	-1.17577228615942619E2
1.28609999999999980E10	-1.17612691615780784E2
1.28709999999999991E10	-1.17648124368016060E2
1.28810000000000002E10	-1.17683526926112614E2
1.28909999999999991E10	-1.17718899343389127E2
1.29010000000000002E10	-1.17754241673019244E2
1.29109999999999969E10	-1.17789553968032279E2
1.29209999999999980E10	-1.17824836281313594E2
1.29310000000000014E10	-1.17860088665605156E2
1.29409999999999981E10	-1.17895311173506134E2
1.29509999999999992E10	-1.17930503857473301E2
1.29609999999999981E10	-1.17965666769821742E2
1.29709999999999992E10	-1.18000799962725167E2
1.29810000000000003E10	-1.18035903488216598E2
1.29909999999999992E10	-1.18070977398188748E2
1.30010000000000003E10	-1.18106021744394640E2
1.30109999999999992E10	-1.18141036578448078E2
1.30209999999999981E10	-1.18176021951824106E2
1.30310000000000015E10	-1.18210977915859639E2
1.30410000000000004E10	-1.18245904521753831E2
1.30509999999999993E10	-1.18280801820568615E2
1.30609999999999982E10	-1.18315669863229300E2
1.30709999999999971E10	-1.18350508700524903E2
1.30810000000000004E10	-1.18385318383108795E2
1.30909999999999993E10	-1.18420098961499076E2
1.31009999999999982E10	-1.18454850486079133E2
1.31109999999999993E10	-1.18489573007098148E2
1.31209999999999982E10	-1.18524266574671477E2
1.31309999999999993E10	-1.18558931238781251E2
1.31410000000000005E10	-1.18593567049276771E2
1.31509999999999994E10	-1.18628174055875069E2
1.31609999999999983E10	-1.18662752308161279E2
1.31709999999999972E10	-1.18697301855589243E2
1.31810000000000005E10	-1.18731822747481841E2
1.31909999999999994E10	-1.18766315033031589E2
1.32009999999999983E10	-1.18800778761300974E2
1.32109999999999994E10	-1.18835213981223076E2
1.32209999999999983E10	-1.18869620741601900E2
1.32309999999999994E10	-1.18903999091112911E2
1.32410000000000005E10	-1.18938349078303451E2
1.32509999999999994E10	-1.18972670751593279E2
1.32609999999999983E10	-1.19006964159274831E2
1.32709999999999972E10	-1.19041229349513911E2
1.32810000000000006E10	-1.19075466370350069E2
1.32909999999999995E10	-1.19109675269696869E2
1.33009999999999984E10	-1.19143856095342637E2
1.33109999999999973E10	-1.19178008894950693E2
1.33209999999999984E10	-1.19212133716059832E2
1.33309999999999995E10	-1.19246230606084813E2
1.33409999999999984E10	-1.19280299612316787E2
1.33509999999999995E10	-1.19314340781923711E2
1.33609999999999984E10	-1.19348354161950776E2
1.33709999999999996E10	-1.19382339799320891E2
1.33810000000000007E10	-1.19416297740835065E2
1.33909999999999996E10	-1.19450228033172801E2
1.34010000000000007E10	-1.19484130722892701E2
1.34109999999999974E10	-1.19518005856432641E2
1.34209999999999985E10	-1.19551853480110393E2
1.34310000000000018E10	-1.19585673640123935E2
1.34409999999999985E10	-1.19619466382551942E2
1.34509999999999996E10	-1.19653231753354161E2
1.34609999999999985E10	-1.19686969798371812E2
1.34709999999999974E10	-1.19720680563328075E2
1.34810000000000008E10	-1.19754364093828403E2
1.34909999999999997E10	-1.19788020435361053E2
1.35009999999999986E10	-1.19821649633297400E2
1.35109999999999997E10	-1.19855251732892332E2
1.35209999999999964E10	-1.19888826779284741E2
1.35309999999999997E10	-1.19922374817497901E2
1.35410000000000008E10	-1.19955895892439779E2
1.35509999999999975E10	-1.19989390048903566E2
1.35609999999999986E10	-1.20022857331567989E2
1.35709999999999975E10	-1.20056297784997801E2
1.35809999999999986E10	-1.20089711453643999E2
1.35909999999999997E10	-1.20123098381844406E2
1.36009999999999986E10	-1.20156458613823958E2
1.36109999999999998E10	-1.20189792193695122E2
1.36209999999999987E10	-1.20223099165458303E2
1.36309999999999998E10	-1.20256379573002214E2
1.36410000000000009E10	-1.20289633460104151E2
1.36509999999999998E10	-1.20322860870430670E2
1.36609999999999987E10	-1.20356061847537599E2
1.36709999999999976E10	-1.20389236434870694E2
1.36810000000000009E10	-1.20422384675765937E2
1.36909999999999998E10	-1.20455506613449814E2
1.37009999999999987E10	-1.20488602291039837E2
1.37109999999999976E10	-1.20521671751544845E2
1.37209999999999988E10	-1.20554715037865345E2
1.37309999999999999E10	-1.20587732192793995E2
1.37409999999999988E10	-1.20620723259015783E2
1.37509999999999999E10	-1.20653688279108651E2
1.37609999999999988E10	-1.20686627295543580E2
1.37709999999999977E10	-1.20719540350685173E2
1.37810000000000010E10	-1.20752427486791936E2
1.37909999999999999E10	-1.20785288746016573E2
1.38009999999999988E10	-1.20818124170406471E2
1.38109999999999977E10	-1.20850933801903970E2
1.38209999999999988E10	-1.20883717682346736E2
1.38310000000000000E10	-1.20916475853468186E2
1.38409999999999989E10	-1.20949208356897642E2
1.38510000000000000E10	-1.20981915234160975E2
1.38609999999999989E10	-1.21014596526680696E2
1.38709999999999978E10	-1.21047252275776462E2
1.38810000000000011E10	-1.21079882522665283E2
1.38910000000000000E10	-1.21112487308462069E2
1.39009999999999989E10	-1.21145066674179747E2
1.39109999999999978E10	-1.21177620660729835E2
1.39209999999999967E10	-1.21210149308922532E2
1.39310000000000000E10	-1.21242652659467232E2
1.39409999999999989E10	-1.21275130752972893E2
1.39509999999999978E10	-1.21307583629948157E2
1.39609999999999990E10	-1.21340011330801945E2
1.39709999999999979E10	-1.21372413895843634E2
1.39809999999999990E10	-1.21404791365283371E2
1.39910000000000001E10	-1.21437143779232515E2
1.40009999999999990E10	-1.21469471177703925E2
1.40110000000000001E10	-1.21501773600612251E2
1.40209999999999968E10	-1.21534051087774242E2
1.40310000000000001E10	-1.21566303678909171E2
1.40410000000000013E10	-1.21598531413639099E2
1.40509999999999979E10	-1.21630734331489165E2
1.40609999999999991E10	-1.21662912471887985E2
1.40709999999999980E10	-1.21695065874167874E2
1.40809999999999991E10	-1.21727194577565245E2
1.40910000000000002E10	-1.21759298621220946E2
1.41009999999999991E10	-1.21791378044180432E2
1.41109999999999980E10	-1.21823432885394300E2
1.41209999999999991E10	-1.21855463183718360E2
1.41310000000000002E10	-1.21887468977914160E2
1.41409999999999991E10	-1.21919450306649191E2
1.41510000000000002E10	-1.21951407208497109E2
1.41609999999999969E10	-1.21983339721938311E2
1.41709999999999980E10	-1.22015247885359934E2
1.41810000000000014E10	-1.22047131737056369E2
1.41909999999999981E10	-1.22078991315229479E2
1.42009999999999992E10	-1.22110826657988980E2
1.42109999999999981E10	-1.22142637803352549E2
1.42209999999999992E10	-1.22174424789246405E2
1.42310000000000003E10	-1.22206187653505371E2
1.42409999999999992E10	-1.22237926433873301E2
1.42510000000000003E10	-1.22269641168003340E2
1.42609999999999992E10	-1.22301331893458176E2
1.42709999999999981E10	-1.22332998647710456E2
1.42810000000000015E10	-1.22364641468142921E2
1.42910000000000004E10	-1.22396260392048850E2
1.43009999999999993E10	-1.22427855456632217E2
1.43109999999999982E10	-1.22459426699008089E2
1.43209999999999971E10	-1.22490974156202825E2
1.43310000000000004E10	-1.22522497865154456E2
1.43409999999999993E10	-1.22553997862712882E2
1.43509999999999982E10	-1.22585474185640209E2
1.43609999999999993E10	-1.22616926870611009E2
1.43709999999999982E10	-1.22648355954212640E2
1.43809999999999993E10	-1.22679761472945503E2
1.43910000000000005E10	-1.22711143463223271E2
1.44009999999999994E10	-1.22742501961373218E2
1.44109999999999983E10	-1.22773837003636599E2
1.44209999999999972E10	-1.22805148626168714E2
1.44310000000000005E10	-1.22836436865039311E2
1.44409999999999994E10	-1.22867701756232917E2
1.44509999999999983E10	-1.22898943335648925E2
1.44609999999999994E10	-1.22930161639102087E2
1.44709999999999983E10	-1.22961356702322577E2
1.44809999999999994E10	-1.22992528560956460E2
1.44910000000000005E10	-1.23023677250565822E2
1.45009999999999994E10	-1.23054802806629038E2
1.45109999999999983E10	-1.23085905264541151E2
1.45209999999999972E10	-1.23116984659613982E2
1.45310000000000006E10	-1.23148041027076571E2
1.45409999999999995E10	-1.23179074402075295E2
1.45509999999999984E10	-1.23210084819674170E2
1.45609999999999973E10	-1.23241072314855193E2
1.45709999999999984E10	-1.23272036922518491E2
1.45809999999999995E10	-1.23302978677482633E2
1.45909999999999984E10	-1.23333897614484833E2
1.46009999999999995E10	-1.23364793768181369E2
1.46109999999999984E10	-1.23395667173147627E2
1.46209999999999996E10	-1.23426517863878504E2
1.46310000000000007E10	-1.23457345874788604E2
1.46409999999999996E10	-1.23488151240212507E2
1.46510000000000007E10	-1.23518933994404967E2
1.46609999999999974E10	-1.23549694171541313E2
1.46709999999999985E10	-1.23580431805717494E2
1.46810000000000018E10	-1.23611146930950500E2
1.46909999999999985E10	-1.23641839581178514E2
1.47009999999999996E10	-1.23672509790261231E2
1.47109999999999985E10	-1.23703157591979984E2
1.47209999999999974E10	-1.23733783020038102E2
1.47310000000000008E10	-1.23764386108061175E2
1.47409999999999997E10	-1.23794966889597147E2
1.47509999999999986E10	-1.23825525398116776E2
1.47609999999999997E10	-1.23856061667013595E2
1.47709999999999964E10	-1.23886575729604465E2
1.47809999999999997E10	-1.23917067619129528E2
1.47910000000000008E10	-1.23947537368752703E2
1.48009999999999975E10	-1.23977985011561698E2
1.48109999999999986E10	-1.24008410580568418E2
1.48209999999999975E10	-1.24038814108709028E2
1.48309999999999986E10	-1.24069195628844464E2
1.48409999999999997E10	-1.24099555173760345E2
1.48509999999999986E10	-1.24129892776167372E2
1.48609999999999998E10	-1.24160208468701616E2
1.48709999999999987E10	-1.24190502283924609E2
1.48809999999999998E10	-1.24220774254323674E2
1.48910000000000009E10	-1.24251024412312083E2
1.49009999999999998E10	-1.24281252790229413E2
1.49109999999999987E10	-1.24311459420341586E2
1.49209999999999976E10	-1.24341644334841228E2
1.49310000000000009E10	-1.24371807565847869E2
1.49409999999999998E10	-1.24401949145408208E2
1.49509999999999987E10	-1.24432069105496179E2
1.49609999999999976E10	-1.24462167478013375E2
1.49709999999999988E10	-1.24492244294789156E2
1.49809999999999999E10	-1.24522299587580898E2
1.49909999999999988E10	-1.24552333388074166E2
1.50009999999999999E10	-1.24582345727883093E2
1.50109999999999988E10	-1.24612336638550358E2
1.50209999999999977E10	-1.24642306151547588E2
1.50310000000000010E10	-1.24672254298275531E2
1.50409999999999999E10	-1.24702181110064236E2
1.50509999999999988E10	-1.24732086618173255E2
1.50609999999999977E10	-1.24761970853792015E2
1.50709999999999988E10	-1.24791833848039779E2
1.50810000000000000E10	-1.24821675631966089E2
1.50909999999999989E10	-1.24851496236550785E2
1.51010000000000000E10	-1.24881295692704430E2
1.51109999999999989E10	-1.24911074031268310E2
1.51209999999999978E10	-1.24940831283014764E2
1.51310000000000011E10	-1.24970567478647387E2
1.51410000000000000E10	-1.25000282648801209E2
1.51509999999999989E10	-1.25029976824042888E2
1.51609999999999978E10	-1.25059650034870939E2
1.51709999999999967E10	-1.25089302311716022E2
1.51810000000000000E10	-1.25118933684940936E2
1.51909999999999989E10	-1.25148544184841071E2
1.52009999999999978E10	-1.25178133841644401E2
1.52109999999999990E10	-1.25207702685511846E2
1.52209999999999979E10	-1.25237250746537376E2
1.52309999999999990E10	-1.25266778054748262E2
1.52410000000000001E10	-1.25296284640105227E2
1.52509999999999990E10	-1.25325770532502712E2
1.52610000000000001E10	-1.25355235761769035E2
1.52709999999999968E10	-1.25384680357666545E2
1.52810000000000001E10	-1.25414104349891931E2
1.52910000000000013E10	-1.25443507768076357E2
1.53009999999999979E10	-1.25472890641785595E2
1.53109999999999991E10	-1.25502253000520336E2
1.53209999999999980E10	-1.25531594873716323E2
1.53309999999999991E10	-1.25560916290744506E2
1.53410000000000002E10	-1.25590217280911376E2
1.53509999999999991E10	-1.25619497873458963E2
1.53609999999999980E10	-1.25648758097565194E2
1.53709999999999991E10	-1.25677997982343959E2
1.53810000000000002E10	-1.25707217556845441E2
1.53909999999999991E10	-1.25736416850056143E2
1.54010000000000002E10	-1.25765595890899240E2
1.54109999999999969E10	-1.25794754708234557E2
1.54209999999999980E10	-1.25823893330859016E2
1.54310000000000014E10	-1.25853011787506608E2
1.54409999999999981E10	-1.25882110106848732E2
1.54509999999999992E10	-1.25911188317494238E2
1.54609999999999981E10	-1.25940246447989690E2
1.54709999999999992E10	-1.25969284526819592E2
1.54810000000000003E10	-1.25998302582406496E2
1.54909999999999992E10	-1.26027300643111184E2
1.55010000000000003E10	-1.26056278737232907E2
1.55109999999999992E10	-1.26085236893009567E2
1.55209999999999981E10	-1.26114175138617757E2
1.55310000000000015E10	-1.26143093502173165E2
1.55410000000000004E10	-1.26171992011730549E2
1.55509999999999993E10	-1.26200870695284095E2
1.55609999999999982E10	-1.26229729580767414E2
1.55709999999999971E10	-1.26258568696053830E2
1.55810000000000004E10	-1.26287388068956608E2
1.55909999999999993E10	-1.26316187727228946E2
1.56009999999999982E10	-1.26344967698564359E2
1.56109999999999993E10	-1.26373728010596631E2
1.56209999999999982E10	-1.26402468690900305E2
1.56309999999999993E10	-1.26431189766990437E2
1.56410000000000005E10	-1.26459891266323199E2
1.56509999999999994E10	-1.26488573216295697E2
1.56609999999999983E10	-1.26517235644246351E2
1.56709999999999972E10	-1.26545878577455051E2
1.56810000000000005E10	-1.26574502043143244E2
1.56909999999999994E10	-1.26603106068474114E2
1.57009999999999983E10	-1.26631690680552800E2
1.57109999999999994E10	-1.26660255906426555E2
1.57209999999999983E10	-1.26688801773084925E2
1.57309999999999994E10	-1.26717328307459831E2
1.57410000000000005E10	-1.26745835536425866E2
1.57509999999999994E10	-1.26774323486800311E2
1.57609999999999983E10	-1.26802792185343494E2
1.57709999999999972E10	-1.26831241658758698E2
1.57810000000000006E10	-1.26859671933692608E2
1.57909999999999995E10	-1.26888083036735289E2
1.58009999999999984E10	-1.26916474994420336E2
1.58109999999999973E10	-1.26944847833225150E2
1.58209999999999984E10	-1.26973201579571038E2
1.58309999999999995E10	-1.27001536259823400E2
1.58409999999999984E10	-1.27029851900291790E2
1.58509999999999995E10	-1.27058148527230275E2
1.58609999999999984E10	-1.27086426166837385E2
1.58709999999999996E10	-1.27114684845256409E2
1.58810000000000007E10	-1.27142924588575434E2
1.58909999999999996E10	-1.27171145422827703E2
1.59010000000000007E10	-1.27199347373991478E2
1.59109999999999974E10	-1.27227530467990535E2
1.59209999999999985E10	-1.27255694730694002E2
1.59310000000000018E10	-1.27283840187916741E2
1.59409999999999985E10	-1.27311966865419390E2
1.59509999999999996E10	-1.27340074788908542E2
1.59609999999999985E10	-1.27368163984036942E2
1.59709999999999974E10	-1.27396234476403536E2
1.59810000000000008E10	-1.27424286291553779E2
1.59909999999999997E10	-1.27452319454979568E2
1.60009999999999986E10	-1.27480333992119688E2
1.60109999999999997E10	-1.27508329928359676E2
1.60209999999999964E10	-1.27536307289032091E2
1.60309999999999997E10	-1.27564266099416734E2
1.60410000000000008E10	-1.27592206384740692E2
1.60509999999999975E10	-1.27620128170178515E2
1.60610000000000008E10	-1.27648031480852375E2
1.60709999999999975E10	-1.27675916341832241E2
1.60809999999999986E10	-1.27703782778135966E2
1.60910000000000020E10	-1.27731630814729469E2
1.61009999999999986E10	-1.27759460476526887E2
1.61109999999999975E10	-1.27787271788390688E2
1.61209999999999987E10	-1.27815064775131826E2
1.61309999999999998E10	-1.27842839461509961E2
1.61409999999999987E10	-1.27870595872233483E2
1.61509999999999998E10	-1.27898334031959715E2
1.61609999999999987E10	-1.27926053965295106E2
1.61709999999999998E10	-1.27953755696795213E2
1.61810000000000009E10	-1.27981439250965034E2
1.61909999999999998E10	-1.28009104652259076E2
1.62010000000000010E10	-1.28036751925081416E2
1.62109999999999976E10	-1.28064381093785951E2
1.62209999999999965E10	-1.28091992182676506E2
1.62310000000000021E10	-1.28119585216006948E2
1.62409999999999988E10	-1.28147160217981337E2
1.62509999999999977E10	-1.28174717212754063E2
1.62609999999999988E10	-1.28202256224430089E2
1.62709999999999977E10	-1.28229777277064771E2
1.62809999999999988E10	-1.28257280394664464E2
1.62909999999999999E10	-1.28284765601186246E2
1.63009999999999988E10	-1.28312232920538305E2
1.63109999999999999E10	-1.28339682376579844E2
1.63209999999999988E10	-1.28367113993121551E2
1.63310000000000000E10	-1.28394527793925417E2
1.63410000000000011E10	-1.28421923802705007E2
1.63510000000000000E10	-1.28449302043125657E2
1.63609999999999967E10	-1.28476662538804431E2
1.63709999999999978E10	-1.28504005313310410E2
1.63810000000000011E10	-1.28531330390164733E2
1.63909999999999978E10	-1.28558637792840824E2
1.64009999999999989E10	-1.28585927544764367E2
1.64109999999999978E10	-1.28613199669313660E2
1.64209999999999989E10	-1.28640454189819442E2
1.64310000000000000E10	-1.28667691129565442E2
1.64409999999999989E10	-1.28694910511788030E2
1.64510000000000001E10	-1.28722112359676766E2
1.64609999999999990E10	-1.28749296696374183E2
1.64709999999999956E10	-1.28776463544976183E2
1.64810000000000012E10	-1.28803612928532063E2
1.64910000000000001E10	-1.28830744870044600E2
1.65009999999999968E10	-1.28857859392470231E2
1.65110000000000001E10	-1.28884956518719096E2
1.65209999999999968E10	-1.28912036271655372E2
1.65309999999999979E10	-1.28939098674097141E2
1.65410000000000013E10	-1.28966143748816742E2
1.65509999999999979E10	-1.28993171518540639E2
1.65609999999999991E10	-1.29020182005949846E2
1.65709999999999980E10	-1.29047175233679745E2
1.65809999999999991E10	-1.29074151224320555E2
1.65910000000000002E10	-1.29101110000417085E2
1.66009999999999991E10	-1.29128051584469117E2
1.66109999999999980E10	-1.29154975998931465E2
1.66209999999999991E10	-1.29181883266214004E2
1.66310000000000002E10	-1.29208773408681976E2
1.66409999999999991E10	-1.29235646448655883E2
1.66510000000000002E10	-1.29262502408411750E2
1.66609999999999969E10	-1.29289341310181327E2
1.66710000000000003E10	-1.29316163176151955E2
1.66810000000000014E10	-1.29342968028466920E2
1.66909999999999981E10	-1.29369755889225413E2
1.67010000000000014E10	-1.29396526780482857E2
1.67109999999999981E10	-1.29423280724250755E2
1.67209999999999970E10	-1.29450017742496981E2
1.67310000000000025E10	-1.29476737857145818E2
1.67409999999999992E10	-1.29503441090078253E2
1.67509999999999981E10	-1.29530127463131728E2
1.67609999999999992E10	-1.29556796998100676E2
1.67709999999999981E10	-1.29583449716736365E2
1.67809999999999993E10	-1.29610085640747119E2
1.67910000000000004E10	-1.29636704791798363E2
1.68009999999999993E10	-1.29663307191512778E2
1.68110000000000004E10	-1.29689892861470502E2
1.68209999999999971E10	-1.29716461823209039E2
1.68310000000000004E10	-1.29743014098223552E2
1.68410000000000015E10	-1.29769549707966947E2
1.68509999999999982E10	-1.29796068673849874E2
1.68609999999999971E10	-1.29822571017241017E2
1.68709999999999982E10	-1.29849056759467008E2
1.68809999999999993E10	-1.29875525921812707E2
1.68909999999999982E10	-1.29901978525521189E2
1.69009999999999994E10	-1.29928414591794050E2
1.69109999999999983E10	-1.29954834141791142E2
1.69209999999999994E10	-1.29981237196631128E2
1.69310000000000005E10	-1.30007623777391279E2
1.69409999999999994E10	-1.30033993905107703E2
1.69510000000000005E10	-1.30060347600775494E2
1.69609999999999994E10	-1.30086684885348691E2
1.69709999999999961E10	-1.30113005779740520E2
1.69810000000000016E10	-1.30139310304823508E2
1.69910000000000005E10	-1.30165598481429479E2
1.70009999999999972E10	-1.30191870330349735E2
1.70109999999999983E10	-1.30218125872335166E2
1.70209999999999972E10	-1.30244365128096407E2
1.70309999999999984E10	-1.30270588118303765E2
1.70409999999999995E10	-1.30296794863587495E2
1.70509999999999984E10	-1.30322985384537837E2
1.70609999999999995E10	-1.30349159701705219E2
1.70709999999999984E10	-1.30375317835600124E2
1.70809999999999995E10	-1.30401459806693465E2
1.70910000000000006E10	-1.30427585635416565E2
1.71009999999999995E10	-1.30453695342161180E2
1.71109999999999962E10	-1.30479788947279807E2
1.71209999999999996E10	-1.30505866471085552E2
1.71310000000000007E10	-1.30531927933852465E2
1.71409999999999973E10	-1.30557973355815449E2
1.71510000000000007E10	-1.30584002757170436E2
1.71609999999999974E10	-1.30610016158074593E2
1.71709999999999985E10	-1.30636013578646160E2
1.71810000000000018E10	-1.30661995038964851E2
1.71909999999999985E10	-1.30687960559071770E2
1.72009999999999996E10	-1.30713910158969537E2
1.72109999999999985E10	-1.30739843858622407E2
1.72209999999999974E10	-1.30765761677956460E2
1.72310000000000008E10	-1.30791663636859479E2
1.72409999999999997E10	-1.30817549755181339E2
1.72509999999999986E10	-1.30843420052733750E2
1.72609999999999997E10	-1.30869274549290737E2
1.72709999999999964E10	-1.30895113264588447E2
1.72809999999999997E10	-1.30920936218325368E2
1.72910000000000008E10	-1.30946743430162549E2
1.73009999999999975E10	-1.30972534919723294E2
1.73110000000000008E10	-1.30998310706593735E2
1.73209999999999975E10	-1.31024070810322724E2
1.73309999999999986E10	-1.31049815250421742E2
1.73410000000000020E10	-1.31075544046365366E2
1.73509999999999986E10	-1.31101257217591094E2
1.73609999999999975E10	-1.31126954783499516E2
1.73709999999999987E10	-1.31152636763454455E2
1.73809999999999998E10	-1.31178303176783007E2
1.73909999999999987E10	-1.31203954042775561E2
1.74009999999999998E10	-1.31229589380686096E2
1.74109999999999987E10	-1.31255209209732127E2
1.74209999999999998E10	-1.31280813549094799E2
1.74310000000000009E10	-1.31306402417919044E2
1.74409999999999998E10	-1.31331975835313663E2
1.74510000000000010E10	-1.31357533820351335E2
1.74609999999999976E10	-1.31383076392068765E2
1.74709999999999965E10	-1.31408603569466864E2
1.74810000000000021E10	-1.31434115371510662E2
1.74909999999999988E10	-1.31459611817129574E2
1.75009999999999977E10	-1.31485092925217417E2
1.75109999999999988E10	-1.31510558714632331E2
1.75209999999999977E10	-1.31536009204197279E2
1.75309999999999988E10	-1.31561444412699724E2
1.75409999999999999E10	-1.31586864358891953E2
1.75509999999999988E10	-1.31612269061491016E2
1.75609999999999999E10	-1.31637658539179059E2
1.75709999999999988E10	-1.31663032810603142E2
1.75810000000000000E10	-1.31688391894375378E2
1.75910000000000011E10	-1.31713735809073240E2
1.76010000000000000E10	-1.31739064573239317E2
1.76109999999999967E10	-1.31764378205381738E2
1.76209999999999978E10	-1.31789676723974014E2
1.76310000000000011E10	-1.31814960147455240E2
1.76409999999999978E10	-1.31840228494230050E2
1.76509999999999989E10	-1.31865481782668947E2
1.76609999999999978E10	-1.31890720031108177E2
1.76709999999999989E10	-1.31915943257849877E2
1.76810000000000000E10	-1.31941151481162189E2
1.76909999999999989E10	-1.31966344719279283E2
1.77010000000000001E10	-1.31991522990401533E2
1.77109999999999990E10	-1.32016686312695586E2
1.77209999999999956E10	-1.32041834704294248E2
1.77310000000000012E10	-1.32066968183296929E2
1.77410000000000001E10	-1.32092086767769445E2
1.77509999999999968E10	-1.32117190475744151E2
1.77610000000000001E10	-1.32142279325220180E2
1.77709999999999968E10	-1.32167353334163273E2
1.77809999999999979E10	-1.32192412520506042E2
1.77910000000000013E10	-1.32217456902148056E2
1.78009999999999979E10	-1.32242486496955869E2
1.78109999999999991E10	-1.32267501322763037E2
1.78209999999999980E10	-1.32292501397370366E2
1.78309999999999991E10	-1.32317486738545798E2
1.78410000000000002E10	-1.32342457364024702E2
1.78509999999999991E10	-1.32367413291509828E2
1.78609999999999980E10	-1.32392354538671286E2
1.78709999999999991E10	-1.32417281123146857E2
1.78810000000000002E10	-1.32442193062542057E2
1.78909999999999991E10	-1.32467090374429919E2
1.79010000000000002E10	-1.32491973076351388E2
1.79109999999999969E10	-1.32516841185815326E2
1.79210000000000003E10	-1.32541694720298531E2
1.79310000000000014E10	-1.32566533697245781E2
1.79409999999999981E10	-1.32591358134070036E2
1.79510000000000014E10	-1.32616168048152439E2
1.79609999999999981E10	-1.32640963456842464E2
1.79709999999999970E10	-1.32665744377457839E2
1.79810000000000025E10	-1.32690510827284847E2
1.79909999999999992E10	-1.32715262823578151E2
1.80009999999999981E10	-1.32740000383561130E2
1.80109999999999992E10	-1.32764723524425721E2
1.80209999999999981E10	-1.32789432263332730E2
1.80309999999999993E10	-1.32814126617411721E2
1.80410000000000004E10	-1.32838806603761084E2
1.80509999999999993E10	-1.32863472239448255E2
1.80610000000000004E10	-1.32888123541509806E2
1.80709999999999971E10	-1.32912760526951246E2
1.80810000000000004E10	-1.32937383212747440E2
1.80910000000000015E10	-1.32961991615842456E2
1.81009999999999982E10	-1.32986585753149833E2
1.81109999999999971E10	-1.33011165641552265E2
1.81209999999999982E10	-1.33035731297902271E2
1.81309999999999993E10	-1.33060282739021751E2
1.81409999999999982E10	-1.33084819981702318E2
1.81509999999999994E10	-1.33109343042705275E2
1.81609999999999983E10	-1.33133851938761771E2
1.81709999999999994E10	-1.33158346686572826E2
1.81810000000000005E10	-1.33182827302809370E2
1.81909999999999994E10	-1.33207293804112403E2
1.82010000000000005E10	-1.33231746207092927E2
1.82109999999999994E10	-1.33256184528332211E2
1.82209999999999961E10	-1.33280608784381704E2
1.82310000000000016E10	-1.33305018991763169E2
1.82410000000000005E10	-1.33329415166968812E2
1.82509999999999972E10	-1.33353797326461132E2
1.82609999999999983E10	-1.33378165486673383E2
1.82709999999999972E10	-1.33402519664009178E2
1.82809999999999984E10	-1.33426859874843018E2
1.82909999999999995E10	-1.33451186135519984E2
1.83009999999999984E10	-1.33475498462356024E2
1.83109999999999995E10	-1.33499796871637999E2
1.83209999999999984E10	-1.33524081379623616E2
1.83309999999999995E10	-1.33548352002541759E2
1.83410000000000006E10	-1.33572608756592182E2
1.83509999999999995E10	-1.33596851657946081E2
1.83609999999999962E10	-1.33621080722745633E2
1.83709999999999996E10	-1.33645295967104438E2
1.83810000000000007E10	-1.33669497407107407E2
1.83909999999999973E10	-1.33693685058810896E2
1.84010000000000007E10	-1.33717858938242906E2
1.84109999999999974E10	-1.33742019061402750E2
1.84209999999999985E10	-1.33766165444261587E2
1.84310000000000018E10	-1.33790298102762195E2
1.84409999999999985E10	-1.33814417052819157E2
1.84509999999999996E10	-1.33838522310318897E2
1.84609999999999985E10	-1.33862613891119753E2
1.84709999999999974E10	-1.33886691811052061E2
1.84810000000000008E10	-1.33910756085918115E2
1.84909999999999997E10	-1.33934806731492406E2
1.85009999999999986E10	-1.33958843763521651E2
1.85109999999999997E10	-1.33982867197724653E2
1.85209999999999964E10	-1.34006877049792661E2
1.85309999999999997E10	-1.34030873335389233E2
1.85410000000000008E10	-1.34054856070150441E2
1.85509999999999975E10	-1.34078825269684820E2
1.85610000000000008E10	-1.34102780949573397E2
1.85709999999999975E10	-1.34126723125370018E2
1.85809999999999986E10	-1.34150651812601041E2
1.85910000000000020E10	-1.34174567026765779E2
1.86009999999999986E10	-1.34198468783336233E2
1.86109999999999975E10	-1.34222357097757383E2
1.86209999999999987E10	-1.34246231985447051E2
1.86309999999999998E10	-1.34270093461796347E2
1.86409999999999987E10	-1.34293941542169115E2
1.86509999999999998E10	-1.34317776241902664E2
1.86609999999999987E10	-1.34341597576307348E2
1.86709999999999998E10	-1.34365405560666851E2
1.86810000000000009E10	-1.34389200210238191E2
1.86909999999999998E10	-1.34412981540251808E2
1.87010000000000010E10	-1.34436749565911562E2
1.87109999999999976E10	-1.34460504302394890E2
1.87209999999999965E10	-1.34484245764852828E2
1.87310000000000021E10	-1.34507973968410055E2
1.87409999999999988E10	-1.34531688928164983E2
1.87509999999999977E10	-1.34555390659189733E2
1.87609999999999988E10	-1.34579079176530314E2
1.87709999999999977E10	-1.34602754495206689E2
1.87809999999999988E10	-1.34626416630212686E2
1.87909999999999999E10	-1.34650065596516222E2
1.88009999999999988E10	-1.34673701409059277E2
1.88109999999999999E10	-1.34697324082757985E2
1.88209999999999988E10	-1.34720933632502704E2
1.88310000000000000E10	-1.34744530073157986E2
1.88410000000000011E10	-1.34768113419562807E2
1.88510000000000000E10	-1.34791683686530450E2
1.88609999999999967E10	-1.34815240888848709E2
1.88709999999999978E10	-1.34838785041279818E2
1.88810000000000011E10	-1.34862316158560613E2
1.88909999999999978E10	-1.34885834255402526E2
1.89009999999999989E10	-1.34909339346491741E2
1.89109999999999978E10	-1.34932831446489132E2
1.89209999999999989E10	-1.34956310570030347E2
1.89310000000000000E10	-1.34979776731725964E2
1.89409999999999989E10	-1.35003229946161407E2
1.89510000000000001E10	-1.35026670227897116E2
1.89609999999999990E10	-1.35050097591468576E2
1.89709999999999956E10	-1.35073512051386357E2
1.89810000000000012E10	-1.35096913622136117E2
1.89910000000000001E10	-1.35120302318178798E2
1.90009999999999968E10	-1.35143678153950586E2
1.90110000000000001E10	-1.35167041143862998E2
1.90209999999999968E10	-1.35190391302302881E2
1.90309999999999979E10	-1.35213728643632569E2
1.90410000000000013E10	-1.35237053182189859E2
1.90509999999999979E10	-1.35260364932288102E2
1.90609999999999991E10	-1.35283663908216267E2
1.90709999999999980E10	-1.35306950124238989E2
1.90809999999999991E10	-1.35330223594596588E2
1.90910000000000002E10	-1.35353484333505159E2
1.91009999999999991E10	-1.35376732355156659E2
1.91109999999999980E10	-1.35399967673718935E2
1.91209999999999991E10	-1.35423190303335694E2
1.91310000000000002E10	-1.35446400258126731E2
1.91409999999999991E10	-1.35469597552187881E2
1.91510000000000002E10	-1.35492782199591022E2
1.91609999999999969E10	-1.35515954214384204E2
1.91710000000000003E10	-1.35539113610591722E2
1.91810000000000014E10	-1.35562260402214152E2
1.91909999999999981E10	-1.35585394603228382E2
1.92010000000000014E10	-1.35608516227587605E2
1.92109999999999981E10	-1.35631625289221569E2
1.92209999999999970E10	-1.35654721802036393E2
1.92310000000000025E10	-1.35677805779914817E2
1.92409999999999992E10	-1.35700877236716111E2
1.92509999999999981E10	-1.35723936186276228E2
1.92609999999999992E10	-1.35746982642407832E2
1.92709999999999981E10	-1.35770016618900269E2
1.92809999999999993E10	-1.35793038129519728E2
1.92910000000000004E10	-1.35816047188009348E2
1.93009999999999993E10	-1.35839043808088999E2
1.93110000000000004E10	-1.35862028003455637E2
1.93209999999999971E10	-1.35884999787783212E2
1.93310000000000004E10	-1.35907959174722692E2
1.93410000000000015E10	-1.35930906177902200E2
1.93509999999999982E10	-1.35953840810927074E2
1.93609999999999971E10	-1.35976763087379782E2
1.93709999999999982E10	-1.35999673020820100E2
1.93809999999999993E10	-1.36022570624785177E2
1.93909999999999982E10	-1.36045455912789448E2
1.94009999999999994E10	-1.36068328898324853E2
1.94109999999999983E10	-1.36091189594860795E2
1.94209999999999994E10	-1.36114038015844119E2
1.94310000000000005E10	-1.36136874174699440E2
1.94409999999999994E10	-1.36159698084828795E2
1.94510000000000005E10	-1.36182509759611992E2
1.94609999999999994E10	-1.36205309212406611E2
1.94709999999999961E10	-1.36228096456547920E2
1.94810000000000016E10	-1.36250871505349069E2
1.94910000000000005E10	-1.36273634372101116E2
1.95009999999999972E10	-1.36296385070072956E2
1.95109999999999983E10	-1.36319123612511595E2
1.95209999999999972E10	-1.36341850012641963E2
1.95309999999999984E10	-1.36364564283667100E2
1.95409999999999995E10	-1.36387266438768173E2
1.95509999999999984E10	-1.36409956491104478E2
1.95609999999999995E10	-1.36432634453813684E2
1.95709999999999984E10	-1.36455300340011521E2
1.95809999999999995E10	-1.36477954162792203E2
1.95910000000000006E10	-1.36500595935228253E2
1.96009999999999995E10	-1.36523225670370651E2
1.96109999999999962E10	-1.36545843381248710E2
1.96209999999999996E10	-1.36568449080870469E2
1.96310000000000007E10	-1.36591042782222383E2
1.96409999999999973E10	-1.36613624498269570E2
1.96510000000000007E10	-1.36636194241955700E2
1.96609999999999974E10	-1.36658752026203389E2
1.96709999999999985E10	-1.36681297863913720E2
1.96810000000000018E10	-1.36703831767966788E2
1.96909999999999985E10	-1.36726353751221374E2
1.97009999999999996E10	-1.36748863826515321E2
1.97109999999999985E10	-1.36771362006665287E2
1.97209999999999974E10	-1.36793848304466992E2
1.97310000000000008E10	-1.36816322732695084E2
1.97409999999999997E10	-1.36838785304103427E2
1.97509999999999986E10	-1.36861236031424860E2
1.97609999999999997E10	-1.36883674927371546E2
1.97709999999999964E10	-1.36906102004634778E2
1.97809999999999997E10	-1.36928517275885131E2
1.97910000000000008E10	-1.36950920753772509E2
1.98009999999999975E10	-1.36973312450926121E2
1.98110000000000008E10	-1.36995692379954659E2
1.98209999999999975E10	-1.37018060553446164E2
1.98309999999999986E10	-1.37040416983968205E2
1.98410000000000020E10	-1.37062761684067969E2
1.98509999999999986E10	-1.37085094666272100E2
1.98609999999999975E10	-1.37107415943086952E2
1.98709999999999987E10	-1.37129725526998492E2
1.98809999999999998E10	-1.37152023430472481E2
1.98909999999999987E10	-1.37174309665954341E2
1.99009999999999998E10	-1.37196584245869357E2
1.99109999999999987E10	-1.37218847182622694E2
1.99209999999999998E10	-1.37241098488599356E2
1.99310000000000009E10	-1.37263338176164318E2
1.99409999999999998E10	-1.37285566257662484E2
1.99510000000000010E10	-1.37307782745418816E2
1.99609999999999976E10	-1.37329987651738405E2
1.99709999999999965E10	-1.37352180988906314E2
1.99810000000000021E10	-1.37374362769187908E2
1.99909999999999988E10	-1.37396533004828658E2
2.00000000000000000E10	-1.37416476356342399E2


